/* BirdID	encounter history	1	Sex	B	L	I	N	Post	1Y	A1Y	Year	TimeOfDay	PCV	PCV2	Hb	Hb2	TPP	TPP2	HL	HL2	SMI	SMI2	PC1	PC1sq	PC2	PC2sq	PC3	PC3sq	Muscle	Mus2	Fat2	Fat; */
/* 026-33750 */	11111111	1	1	0	1	0	0	0	0	1	0	164	-0.66	0.43	-1.20	1.4400	0.0000	0.000000	-0.048820	0.002383	-0.5454	0.2975	0.001292355	1.67018E-06	0.257078499	0.066089355	-1.1472272	1.316130248	0.26	0.0684	1.3257	-1.151376147;
/* 026-33764 */	11111111	1	0	0	0	0	1	0	0	1	0	63	-0.16	0.02	0.00	0.0000	0.6000	0.360000	-0.206602	0.042685	-0.0154	0.0002	-0.19376477	0.037544786	-0.731505052	0.53509964	-0.217649515	0.047371311	0.26	0.0684	0.0229	-0.151376147;
/* 026-33901 */	00011111	1	1	0	0	0	0	0	0	1	1	140	-3.16	9.96	-1.60	2.5600	0.4000	0.160000	0.239621	0.057418	0.6246	0.3901	-2.220854972	4.932196807	1.042329721	1.086451248	1.028315863	1.057433514	-0.74	0.5454	3.4174	1.848623853;
/* 026-33905 */	00000011	1	0	0	0	0	1	0	0	1	1	91	-0.16	0.02	0.10	0.0100	0.0000	0.000000	-0.263829	0.069606	0.0346	0.0012	-0.098414105	0.009685336	-0.878829341	0.772341011	0.051786869	0.00268188	0.26	0.0684	0.7202	0.848623853;
/* 026-33911 */	11111111	1	1	0	1	0	0	0	0	1	0	226	1.84	3.40	0.40	0.1600	-0.2000	0.040000	0.297613	0.088574	-0.2454	0.0602	0.567496169	0.322051902	0.038279232	0.0014653	0.682478596	0.465777034	0.26	0.0684	0.1215	0.348623853;
/* 026-33920 */	00100000	1	0	0	1	0	0	0	0	1	0	60	-6.16	37.90	-2.30	5.2900	1.4000	1.960000	0.222436	0.049478	1.6846	2.8378	-3.414994642	11.66218841	-0.097985415	0.009601141	-0.171584197	0.029441137	-0.24	0.0569	0.0229	-0.151376147;
/* 026-33934 */	11100000	1	0	0	0	1	0	0	0	1	0	273	-2.16	4.65	1.00	1.0000	0.0000	0.000000	0.077888	0.006067	0.9846	0.9694	-0.615891057	0.379321794	-1.08134195	1.169300412	0.619189404	0.383395519	0.26	0.0684	0.7202	0.848623853;
/* 026-34057 */	00011000	1	0	0	0	0	0	0	0	1	1	152	1.84	3.40	-0.40	0.1600	-0.6000	0.360000	0.282928	0.080048	-0.1454	0.0211	0.312298511	0.09753036	0.074583205	0.005562654	0.602409976	0.362897779	0.26	0.0684	0.7202	0.848623853;
/* 026-34083 */	00111100	1	1	0	0	1	0	0	0	1	0	21	-1.16	1.34	-0.10	0.0100	-0.4000	0.160000	-0.336380	0.113151	0.1146	0.0131	0.266888558	0.071229502	-0.616070228	0.379542525	-1.415785369	2.004448212	0.26	0.0684	1.3257	-1.151376147;
/* 026-34084 */	11100000	1	1	0	0	1	0	0	0	1	0	287	-3.16	9.96	-0.30	0.0900	0.0000	0.000000	0.147791	0.021842	-0.3854	0.1485	-0.646790986	0.418338579	-0.688276741	0.473724872	0.367934136	0.135375529	0.76	0.5798	1.8188	1.348623853;
/* 026-34091 */	00011100	1	0	0	0	0	0	0	0	1	1	329	-4.16	17.27	-2.20	4.8400	0.8000	0.640000	0.901921	0.813462	-1.2154	1.4772	-1.863558067	3.472848669	3.298866885	10.88252272	1.148515504	1.319087862	-0.74	0.5454	0.7202	0.848623853;
/* 026-36710 */	11111111	1	0	0	1	0	0	0	0	1	0	175	-5.66	31.99	-2.00	4.0000	0.8000	0.640000	0.678675	0.460600	1.1846	1.4032	-3.113476574	9.693736374	1.486723491	2.210346739	0.949532218	0.901611432	-0.74	0.5454	0.7202	0.848623853;
/* 026-46307 */	00000011	1	1	0	0	0	1	0	0	1	1	318	-0.16	0.02	1.40	1.9600	-0.6000	0.360000	-0.094269	0.008887	-0.3554	0.1263	1.033885107	1.068918415	-0.339769285	0.115443167	-0.214244909	0.045900881	0.26	0.0684	0.0229	-0.151376147;
/* 026-46308 */	00000011	1	1	0	0	1	0	0	0	1	0	233	5.84	34.15	2.60	6.7600	0.4000	0.160000	-0.087738	0.007698	-0.2354	0.0554	1.734784923	3.00947873	-0.32711347	0.107003222	1.383887312	1.915144092	-0.24	0.0569	0.1215	0.348623853;
/* 026-46311 */	11100000	1	1	0	1	0	0	0	1	0	0	225	1.84	3.40	2.00	4.0000	0.0000	0.000000	-0.426556	0.181950	-0.2354	0.0554	0.878302617	0.771415486	-1.406957886	1.979530493	0.985339741	0.970894404	0.26	0.0684	3.4174	1.848623853;
/* 026-46313 */	10000000	1	0	0	1	0	0	0	0	1	0	141	-4.16	17.27	-0.20	0.0400	1.6000	2.560000	-0.540035	0.291638	0.9546	0.9112	-2.137981886	4.570966546	-2.81085001	7.900877779	0.361363249	0.130583398	0.76	0.5798	3.4174	1.848623853;
/* 026-46317 */	00000111	1	1	0	1	0	0	0	1	0	1	306	3.84	14.78	1.20	1.4400	-0.6000	0.360000	0.335699	0.112694	0.6246	0.3901	0.867903127	0.753255838	-0.655108255	0.429166826	1.288973147	1.661451772	0.26	0.0684	0.7202	0.848623853;
/* 026-46319 */	00000111	1	1	0	0	1	0	0	0	1	1	217	-0.16	0.02	0.70	0.4900	-0.2000	0.040000	0.143656	0.020637	-0.4754	0.2260	0.270584275	0.07321585	0.684806373	0.468959768	0.739716389	0.547180336	-0.24	0.0569	0.7202	0.848623853;
/* 026-46322 */	11000111	1	1	0	0	1	0	0	0	1	0	166	-1.16	1.34	-0.80	0.6400	0.4000	0.160000	-0.405581	0.164496	-0.0054	0.0000	-0.523718388	0.27428095	-0.815093572	0.664377531	-0.837039175	0.700634581	0.26	0.0684	0.0229	-0.151376147;
/* 026-46335 */	00000011	1	0	0	0	0	1	0	0	1	1	288	-0.16	0.02	1.00	1.0000	-1.3000	1.690000	0.371360	0.137908	-0.1754	0.0308	0.824371757	0.679588793	0.220395425	0.048574144	0.609304319	0.371251753	0.26	0.0684	0.7202	0.848623853;
/* 026-46340 */	00011011	1	1	0	0	0	0	0	0	1	1	329	-0.16	0.02	-1.30	1.6900	0.7000	0.490000	0.353471	0.124942	-0.2854	0.0815	-1.350520926	1.823906772	1.56506576	2.449430833	1.56040267	2.434856493	-0.74	0.5454	3.4174	1.848623853;
/* 026-46368 */	01101111	1	1	1	0	0	0	0	1	0	0	255	0.84	0.71	-0.20	0.0400	-0.7000	0.490000	0.328012	0.107592	-0.6954	0.4836	0.848466075	0.71989468	1.525336194	2.326650505	-0.433531416	0.187949489	-0.24	0.0569	1.3257	-1.151376147;
/* 026-46369 */	00000111	1	0	0	0	1	0	0	0	1	1	140	-2.16	4.65	-1.70	2.8900	-0.2000	0.040000	0.019027	0.000362	1.1246	1.2647	-1.348981396	1.819750806	-0.693860974	0.481443052	-0.709248436	0.503033344	0.26	0.0684	0.0229	-0.151376147;
/* 026-46377 */	11111110	1	1	0	1	0	0	0	1	0	0	233	-0.16	0.02	1.20	1.4400	-0.4000	0.160000	-0.196882	0.038763	-0.4254	0.1810	1.034940307	1.071101438	0.431835648	0.186482027	-0.75918848	0.576367148	-0.24	0.0569	1.3257	-1.151376147;
/* 026-25490 */	00011111	1	0	0	0	0	0	0	0	1	1	70	-7.16	51.21	-3.40	11.5600	-0.2000	0.040000	0.713895	0.509645	-0.8554	0.7317	-2.137587954	4.569282261	2.685068253	7.209591521	-0.662459273	0.438852288	-0.24	0.0569	0.0229	-0.151376147;
/* 026-25512 */	00111111	1	1	0	0	0	1	0	0	1	0	43	1.84	3.40	1.40	1.9600	-0.7000	0.490000	-0.652009	0.425116	0.6246	0.3901	1.295086033	1.677247834	-1.642053914	2.696341058	-1.291103137	1.66694731	0.26	0.0684	1.3257	-1.151376147;
/* 026-25513 */	01100000	1	0	0	1	0	0	0	0	1	0	279	-0.16	0.02	-2.80	7.8400	-0.5000	0.250000	-0.081107	0.006578	2.6546	7.0468	-2.286017112	5.225874236	-1.074753948	1.15509605	-0.262444504	0.068877118	-0.24	0.0569	0.7202	0.848623853;
/* 026-25517 */	11100000	1	1	0	0	1	0	0	0	1	0	251	3.84	14.78	1.50	2.2500	-1.0000	1.000000	0.534844	0.286058	-0.3454	0.1193	1.589116317	2.525290669	1.071930457	1.149034904	1.243301696	1.545799107	-0.24	0.0569	0.1215	0.348623853;
/* 026-25520 */	01100000	1	1	0	1	0	0	0	0	1	0	227	-2.16	4.65	0.90	0.8100	1.4000	1.960000	-0.252091	0.063550	-0.8254	0.6813	0.022606692	0.000511063	-0.335008287	0.112230552	-0.547932048	0.300229529	0.26	0.0684	1.3257	-1.151376147;
/* 026-29138 */	00111111	1	0	0	0	0	1	0	0	1	0	-8	4.84	23.46	1.40	1.9600	0.0000	0.000000	-0.017847	0.000319	-0.3254	0.1059	1.243151408	1.545425423	0.845824758	0.715419522	1.061364387	1.126494363	-0.74	0.5454	0.1215	0.348623853;
/* 026-29342 */	01110111	1	1	0	0	1	0	0	0	1	0	111	1.84	3.40	2.60	6.7600	0.0000	0.000000	0.018066	0.000326	1.1546	1.3331	0.687504577	0.472662544	-1.586693231	2.517595409	1.013222583	1.026620004	0.26	0.0684	0.1215	0.348623853;
/* 026-29349 */	00111000	1	0	0	0	0	1	0	0	1	0	40	-0.16	0.02	1.10	1.2100	-0.8000	0.640000	-0.087738	0.007698	-0.3054	0.0933	1.213293681	1.472081557	-0.148375612	0.022015322	-0.893069448	0.797573039	0.26	0.0684	1.3257	-1.151376147;
/* 026-29363 */	11100000	1	1	0	0	0	1	0	0	1	0	147	3.84	14.78	0.90	0.8100	0.2000	0.040000	-0.726227	0.527406	-0.1154	0.0133	1.054312563	1.11157498	-0.836409589	0.699581001	-0.390031695	0.152124723	-0.24	0.0569	0.0229	-0.151376147;
/* 026-29455 */	01100000	1	1	0	0	1	0	0	0	1	0	49	4.84	23.46	3.20	10.2400	-0.1000	0.010000	1.162682	1.351830	-0.5154	0.2657	2.118374763	4.487511635	1.711227117	2.928298245	2.357331218	5.557010474	-0.24	0.0569	0.4243	-0.651376147;
/* 026-29456 */	11111111	1	1	0	0	1	0	0	0	1	0	182	-2.16	4.65	0.10	0.0100	-0.3000	0.090000	-0.287310	0.082547	0.6246	0.3901	-0.567785734	0.32238064	-1.961491929	3.847450587	-0.066629251	0.004439457	0.76	0.5798	1.8188	1.348623853;
/* 026-29476 */	00011111	1	1	0	0	0	0	0	0	1	1	329	-4.16	17.27	-2.00	4.0000	0.2000	0.040000	0.090886	0.008260	0.1746	0.0305	-1.988956731	3.955948876	0.594733817	0.353708313	0.148343933	0.022005923	-0.24	0.0569	1.8188	1.348623853;
/* 026-33190 */	00011111	1	1	0	0	0	0	0	0	1	1	100	-3.16	9.96	0.90	0.8100	0.0000	0.000000	0.300442	0.090266	0.3846	0.1479	-0.907029525	0.82270256	0.258555476	0.066850934	1.418288919	2.011543458	-0.24	0.0569	3.4174	1.848623853;
/* 026-33360 */	00000011	1	0	0	0	0	1	0	0	1	1	312	-1.16	1.34	-1.10	1.2100	-0.5000	0.250000	-0.240966	0.058065	-0.3054	0.0933	-0.626423485	0.392406383	1.080312605	1.167075325	-0.003596361	1.29338E-05	-0.74	0.5454	1.8188	1.348623853;
/* 026-33390 */	00011111	1	1	0	0	0	0	0	0	1	1	321	-3.66	13.37	-0.10	0.0100	0.2000	0.040000	0.356383	0.127009	0.8546	0.7303	-1.366151399	1.866369646	-0.446223486	0.199115399	0.664035552	0.440943215	0.26	0.0684	0.7202	0.848623853;
/* 026-33670 */	00000011	1	1	0	0	1	0	0	0	1	1	187	-1.16	1.34	0.60	0.3600	0.1000	0.010000	-0.055553	0.003086	-0.4954	0.2454	0.190620341	0.036336114	0.563212559	0.317208387	-0.072589124	0.005269181	-0.24	0.0569	0.0229	-0.151376147;
/* 026-46378 */	10000000	1	0	0	1	0	0	0	0	0	0	238	2.84	8.09	1.20	1.4400	1.5000	2.250000	0.126142	0.015912	1.2846	1.6502	-0.58125555	0.337858014	-2.514908822	6.324766384	1.920650366	3.688897829	0.76	0.5798	1.8188	1.348623853;
/* 026-46379 */	00100000	1	0	0	0	0	0	1	1	0	0	116	-0.16	0.02	0.30	0.0900	-0.2000	0.040000	-0.362116	0.131128	0.2346	0.0550	0.435432338	0.189601321	-0.860537216	0.7405243	-1.182172174	1.397531048	0.26	0.0684	1.3257	-1.151376147;
/* 026-46383 */	01111100	1	0	0	0	0	1	0	0	1	0	22	3.84	14.78	0.30	0.0900	-0.2000	0.040000	0.815352	0.664799	-0.3854	0.1485	1.050776906	1.104132106	1.699514529	2.888349634	0.815942731	0.665762541	-0.24	0.0569	1.3257	-1.151376147;
/* 026-46384 */	00111111	1	1	0	0	0	0	1	1	0	0	52	-0.16	0.02	-1.40	1.9600	-1.1000	1.210000	-0.429062	0.184095	-0.5154	0.2657	0.823423156	0.678025694	0.075166989	0.005650076	-2.61719853	6.849728147	0.26	0.0684	4.6284	-2.151376147;
/* 026-46397 */	01111111	1	0	0	0	1	0	0	1	0	0	80	-2.66	7.05	-2.10	4.4100	-0.5000	0.250000	-0.575078	0.330715	0.0346	0.0012	-0.805423163	0.648706471	-0.658393126	0.433481509	-1.841497538	3.391113182	0.26	0.0684	0.0229	-0.151376147;
/* 026-46399 */	01110000	1	0	0	1	0	0	0	1	0	0	172	-4.16	17.27	-1.20	1.4400	3.9000	15.210000	-0.383305	0.146923	1.2246	1.4996	-3.762262429	14.15461858	-2.251720365	5.070244604	1.065046854	1.134324801	0.26	0.0684	1.8188	1.348623853;
/* 026-46405 */	00100000	1	0	0	0	0	1	0	1	0	0	260	1.84	3.40	1.00	1.0000	0.0000	0.000000	-0.506867	0.256914	-0.1754	0.0308	0.826242015	0.682675867	-1.208259076	1.459889994	-0.171966555	0.029572496	0.26	0.0684	0.1215	0.348623853;
/* 026-46443 */	00000011	1	0	0	0	0	1	0	1	0	1	315	-0.16	0.02	1.50	2.2500	-0.6000	0.360000	0.037201	0.001384	-0.1554	0.0242	0.848949625	0.720715466	0.4314765	0.18617197	0.115748227	0.013397652	-0.24	0.0569	0.0229	-0.151376147;
/* 026-46452 */	00011000	1	1	0	0	0	0	0	1	0	1	202	-3.16	9.96	-0.70	0.4900	0.2000	0.040000	0.300442	0.090266	1.9546	3.8204	-2.222477399	4.939405788	-1.297402682	1.683253718	1.120980765	1.256597875	0.26	0.0684	3.4174	1.848623853;
/* 026-46512 */	01111110	1	1	0	0	1	0	0	1	0	0	7	-0.16	0.02	-1.00	1.0000	-1.0000	1.000000	-0.416439	0.173422	0.2346	0.0550	-0.076749352	0.005890463	-0.06544106	0.004282532	-0.932891906	0.870287308	-0.24	0.0569	0.1215	0.348623853;
/* 026-46513 */	00111111	1	0	0	0	0	1	0	1	0	0	-6	6.84	46.84	0.80	0.6400	0.9000	0.810000	0.090886	0.008260	-0.2654	0.0704	0.867071	0.751812119	-0.010852144	0.000117769	1.743679515	3.040418252	-0.24	0.0569	0.7202	0.848623853;
/* 026-46548 */	01100000	1	0	0	0	0	1	0	1	0	0	23	2.84	8.09	0.00	0.0000	-0.5000	0.250000	-0.496402	0.246415	-0.7454	0.5556	1.472698595	2.168841153	1.181080483	1.394951106	-1.671834319	2.795029991	-0.74	0.5454	4.6284	-2.151376147;
/* 026-46562 */	00000001	1	0	0	0	0	0	1	1	0	1	55	2.84	8.09	0.60	0.3600	-1.1000	1.210000	-0.196882	0.038763	0.0346	0.0012	1.525583762	2.327405816	-2.113825807	4.468259543	-0.663709834	0.440510744	1.26	1.5913	0.0229	-0.151376147;
/* 026-46566 */	01110100	1	0	0	1	0	0	0	1	0	0	67	-5.66	31.99	-2.60	6.7600	3.9000	15.210000	0.382084	0.145988	1.4746	2.1744	-4.258576321	18.13547228	-0.790289891	0.624558112	0.282682343	0.079909307	0.26	0.0684	1.3257	-1.151376147;
/* 026-46573 */	00011111	1	0	0	0	0	0	0	1	0	1	96	1.34	1.81	1.70	2.8900	-0.1000	0.010000	0.124351	0.015463	-0.9754	0.9514	1.196663278	1.432003001	1.633840872	2.669435995	0.652703063	0.426021288	-0.74	0.5454	0.0229	-0.151376147;
/* 026-46580 */	01101111	1	0	0	1	0	0	0	1	0	0	118	2.84	8.09	1.20	1.4400	0.8000	0.640000	-0.287310	0.082547	0.2746	0.0754	0.43605189	0.190141251	-0.613003021	0.375772704	0.436934203	0.190911497	-0.24	0.0569	0.0229	-0.151376147;
/* 026-46590 */	01000000	1	1	0	0	1	0	0	1	0	0	37	1.84	3.40	1.40	1.9600	-0.5000	0.250000	0.073113	0.005346	-0.1754	0.0308	1.639996957	2.689590018	-0.057034035	0.003252881	-0.851075275	0.724329124	0.26	0.0684	4.6284	-2.151376147;
/* 026-49143 */	01100000	1	0	0	1	0	0	0	0	1	0	7	-6.16	37.90	-3.80	14.4400	1.2000	1.440000	0.049100	0.002411	0.7446	0.5544	-3.062247693	9.377360936	1.532019455	2.34708361	-1.882432555	3.543552325	-0.74	0.5454	4.6284	-2.151376147;
/* 026-49268 */	00001111	1	1	1	0	0	0	0	0	1	1	111	-2.16	4.65	-1.30	1.6900	0.3000	0.090000	0.444431	0.197519	-1.0954	1.1999	-0.698701223	0.488183399	2.629630349	6.914955772	0.201959934	0.040787815	-0.74	0.5454	0.0229	-0.151376147;
/* 026-49279 */	00000011	1	1	0	0	0	1	0	0	1	1	40	1.34	1.81	0.20	0.0400	0.2000	0.040000	0.645251	0.416349	0.4646	0.2158	0.361034572	0.130345962	0.359994215	0.129595835	-0.099973245	0.00999465	0.26	0.0684	4.6284	-2.151376147;
/* 026-49282 */	11111110	1	0	0	0	1	0	0	0	1	0	273	-8.16	66.52	-2.30	5.2900	-0.4000	0.160000	-0.087738	0.007698	0.8846	0.7825	-2.667209178	7.114004802	0.275558476	0.075932474	-0.960095831	0.921784004	-0.24	0.0569	0.7202	0.848623853;
/* 026-49404 */	00011111	1	1	0	0	0	0	0	0	1	1	26	-3.16	9.96	-0.60	0.3600	0.0000	0.000000	-0.114067	0.013011	-0.4754	0.2260	-0.317936262	0.101083467	0.874077708	0.764011839	-1.193567133	1.424602502	-0.24	0.0569	1.3257	-1.151376147;
/* 026-49423 */	11100111	1	1	0	1	0	0	0	0	1	0	146	-2.16	4.65	-1.70	2.8900	-0.5000	0.250000	-0.416439	0.173422	0.1046	0.0109	-0.865794832	0.749600691	-1.507281569	2.271897729	-0.781947601	0.611442051	0.76	0.5798	1.8188	1.348623853;
/* 026-49436 */	11100000	1	0	0	0	1	0	0	0	1	0	126	-3.16	9.96	-0.10	0.0100	0.0000	0.000000	0.161114	0.025958	2.0146	4.0586	-1.896631487	3.597210998	-0.766096311	0.586903558	0.848097788	0.719269859	-0.24	0.0569	1.8188	1.348623853;
/* 026-49445 */	00001111	1	1	0	1	0	0	0	0	1	1	85	1.84	3.40	0.90	0.8100	-0.6000	0.360000	-0.196882	0.038763	0.5546	0.3076	0.78283418	0.612829353	-1.068935841	1.142623832	-0.222847892	0.049661183	0.26	0.0684	0.0229	-0.151376147;
/* 026-49508 */	00000110	1	1	0	1	0	0	0	0	1	1	253	1.84	3.40	1.80	3.2400	-0.9000	0.810000	-0.094269	0.008887	0.3146	0.0990	1.458349754	2.126784005	-0.782149749	0.61175823	-0.276185827	0.076278611	0.26	0.0684	0.4243	-0.651376147;
/* 026-49527 */	00000011	1	1	0	0	0	1	0	0	1	1	130	2.84	8.09	0.90	0.8100	-0.9000	0.810000	0.195918	0.038384	0.1546	0.0239	1.19997593	1.439942233	-0.268374281	0.072024755	0.24773835	0.06137429	0.26	0.0684	0.0229	-0.151376147;
/* 026-49528 */	00100000	1	0	0	0	0	0	1	0	1	0	42	-1.16	1.34	0.10	0.0100	0.0000	0.000000	-0.612284	0.374891	0.4846	0.2348	0.251471964	0.063238149	-1.191307092	1.419212588	-2.103305177	4.423892668	0.26	0.0684	4.6284	-2.151376147;
/* 026-49529 */	11110000	1	0	0	0	1	0	0	0	1	0	132	1.84	3.40	1.30	1.6900	-0.3000	0.090000	-0.311471	0.097014	-0.7554	0.5706	1.412100551	1.994027966	-1.298282547	1.685537572	-0.111847459	0.012509854	0.76	0.5798	0.1215	0.348623853;
/* 026-49691 */	11111111	1	0	0	0	0	1	0	0	1	0	210	4.84	23.46	2.50	6.2500	-0.2000	0.040000	-0.246100	0.060565	-0.4854	0.2356	2.076881055	4.313434917	-0.147269654	0.021688351	0.541435686	0.293152602	-0.24	0.0569	0.0229	-0.151376147;
/* 026-49801 */	00100000	1	1	0	0	0	0	1	0	1	0	52	0.34	0.12	0.40	0.1600	-0.9000	0.810000	-0.175568	0.030824	0.7246	0.5250	0.844264945	0.712783297	-0.694433929	0.482238482	-1.635406053	2.674552958	0.26	0.0684	4.6284	-2.151376147;
/* 026-49809 */	11111111	1	0	0	0	1	0	0	0	1	0	327	-7.16	51.21	-1.90	3.6100	-0.1000	0.010000	-0.694705	0.482615	0.4246	0.1803	-1.937865335	3.755322057	-0.259203831	0.067186626	-2.056953906	4.231059372	-0.24	0.0569	0.0229	-0.151376147;
/* 026-49815 */	11101111	1	1	0	0	1	0	0	0	1	0	164	-1.16	1.34	0.70	0.4900	-0.8000	0.640000	-0.343010	0.117656	-0.5154	0.2657	0.721037147	0.519894567	-0.462628496	0.214025126	-0.61728229	0.381037425	0.26	0.0684	0.1215	0.348623853;
/* 026-49848 */	00111111	1	1	0	0	0	1	0	0	1	0	225	1.84	3.40	1.40	1.9600	-0.6000	0.360000	0.126142	0.015912	0.4746	0.2252	1.265098202	1.600473462	-0.452736447	0.20497029	-0.495118964	0.245142789	0.26	0.0684	2.7270	-1.651376147;
/* 026-49853 */	00111111	1	1	0	0	0	1	0	1	0	0	182	1.84	3.40	0.60	0.3600	-1.2000	1.440000	-0.281558	0.079275	0.3646	0.1329	1.503604108	2.260825313	-0.636603495	0.40526401	-1.738142789	3.021140354	0.26	0.0684	4.6284	-2.151376147;
/* 026-49854 */	11111110	1	0	0	0	1	0	0	1	0	0	141	-6.66	44.30	-1.80	3.2400	0.2000	0.040000	-0.416439	0.173422	0.4846	0.2348	-2.374450426	5.638014827	-0.21627134	0.046773292	-0.681155065	0.463972222	-0.24	0.0569	1.8188	1.348623853;
/* 026-49855 */	00111000	1	0	0	0	0	0	1	1	0	0	33	10.84	117.59	3.50	12.2500	-0.2000	0.040000	-0.506867	0.256914	0.0446	0.0020	3.36112171	11.29713915	-1.951170998	3.807068264	0.886649535	0.786147398	0.26	0.0684	0.0229	-0.151376147;
/* 026-49856 */	00100111	1	1	0	0	0	0	1	1	0	0	52	-4.16	17.27	-1.40	1.9600	-0.8000	0.640000	-0.311471	0.097014	-0.0654	0.0043	-0.327712749	0.107395646	0.781510523	0.610758697	-2.551153533	6.508384351	-0.24	0.0569	4.6284	-2.151376147;
/* 026-49880 */	01111111	1	0	0	1	0	0	0	1	0	0	200	0.84	0.71	-1.30	1.6900	1.5000	2.250000	0.177820	0.031620	0.9846	0.9694	-1.591918687	2.534205105	-0.946307643	0.895498155	0.766809406	0.587996665	0.26	0.0684	0.1215	0.348623853;
/* 026-49881 */	10000000	1	0	0	1	0	0	0	1	0	0	132	-2.16	4.65	-0.10	0.0100	0.9000	0.810000	0.389383	0.151619	-0.1054	0.0111	-1.228850809	1.51007431	-0.107775567	0.011615573	1.575803551	2.48315683	0.26	0.0684	3.4174	1.848623853;
/* 026-49886 */	00011111	1	1	0	0	0	0	0	0	1	1	16	0.84	0.71	1.00	1.0000	-0.4000	0.160000	-0.206602	0.042685	-1.0254	1.0515	1.090816982	1.189881689	1.396577592	1.95042897	-0.11784217	0.013886777	-0.74	0.5454	0.0229	-0.151376147;
/* 026-59533 */	01100000	1	0	0	0	1	0	0	1	0	0	3	2.34	5.49	1.40	1.9600	-0.3000	0.090000	0.018066	0.000326	-0.5654	0.3197	1.493220815	2.229708403	-0.139272513	0.019396833	-0.017926297	0.000321352	0.26	0.0684	0.4243	-0.651376147;
/* 026-59911 */	00000001	1	0	0	0	1	0	0	1	0	1	39	1.84	3.40	-0.40	0.1600	0.2000	0.040000	-0.218667	0.047815	-1.2354	1.5262	0.976155476	0.952879514	0.224609107	0.050449251	-0.941590645	0.886592943	0.26	0.0684	1.3257	-1.151376147;
/* 026-59926 */	00000011	1	1	0	0	0	1	0	0	1	1	63	-2.16	4.65	-1.50	2.2500	-0.6000	0.360000	0.371360	0.137908	0.6246	0.3901	-0.923040471	0.852003712	0.145607463	0.021201533	-0.379435545	0.143971333	0.26	0.0684	0.0229	-0.151376147;
/* 026-59955 */	00000011	1	1	0	0	0	1	0	1	0	1	31	0.84	0.71	-1.50	2.2500	-0.1000	0.010000	0.444431	0.197519	-1.3654	1.8644	0.689024844	0.474755236	1.58371535	2.508154311	-1.070813597	1.14664176	0.26	0.0684	4.6284	-2.151376147;
/* 026-59982 */	00000011	1	0	0	0	0	1	0	1	0	1	22	0.84	0.71	-2.10	4.4100	-0.1000	0.010000	-0.036585	0.001338	-0.9754	0.9514	-0.035388226	0.001252327	2.113450176	4.466671648	-1.052874382	1.108544465	-0.74	0.5454	1.3257	-1.151376147;
/* 026-59984 */	00010111	1	0	0	0	0	0	0	1	0	1	26	-4.16	17.27	-1.70	2.8900	0.4000	0.160000	0.300442	0.090266	-1.5554	2.4193	-1.313493299	1.725264645	2.645759942	7.000045672	0.556677479	0.309889816	-0.74	0.5454	1.8188	1.348623853;
/* 026-59986 */	00000011	1	0	0	0	1	0	0	1	0	1	133	1.84	3.40	0.10	0.0100	0.4000	0.160000	-0.154685	0.023927	-0.1154	0.0133	-0.110413743	0.012191195	0.687580031	0.472766298	0.743832549	0.553286861	-0.74	0.5454	0.7202	0.848623853;
/* 026-59987 */	00000111	1	0	1	0	0	0	0	1	0	1	216	0.84	0.71	0.80	0.6400	-0.2000	0.040000	0.073113	0.005346	-1.6154	2.6096	1.013129534	1.026431453	0.464536779	0.215794419	0.827087098	0.684073068	0.26	0.0684	1.8188	1.348623853;
/* 026-59995 */	00000011	1	1	0	0	1	0	0	0	1	1	266	5.84	34.15	1.80	3.2400	0.0000	0.000000	-0.196882	0.038763	-0.0554	0.0031	1.454059771	2.114289819	-1.274154296	1.623469171	1.341172031	1.798742417	0.26	0.0684	1.8188	1.348623853;
/* 026-60016 */	01111111	1	1	0	1	0	0	0	1	0	0	120	-2.16	4.65	-0.30	0.0900	-0.5000	0.250000	-0.055553	0.003086	-0.7254	0.5262	0.406555596	0.165287452	0.386398251	0.149303608	-1.278210101	1.633821062	0.26	0.0684	1.3257	-1.151376147;
/* 026-60024 */	00000111	1	0	0	0	0	1	0	0	1	1	1	-1.16	1.34	-0.30	0.0900	-0.5000	0.250000	0.073113	0.005346	-0.6154	0.3787	0.059725728	0.003567163	0.1792049	0.032114396	0.080891422	0.006543422	0.26	0.0684	0.7202	0.848623853;
/* 026-60039 */	00011111	1	0	0	0	0	0	0	0	1	1	202	-1.66	2.74	0.80	0.6400	1.2000	1.440000	0.000684	0.000000	0.0846	0.0072	-0.965636909	0.932454641	-0.954338384	0.91076175	1.440654689	2.075485933	0.26	0.0684	3.4174	1.848623853;
/* 026-60046 */	01111111	1	1	0	0	1	0	0	1	0	0	153	0.84	0.71	-0.10	0.0100	0.1000	0.010000	-0.416439	0.173422	-0.0254	0.0006	-0.094142201	0.008862754	-0.336232857	0.113052534	0.036322919	0.001319354	-0.24	0.0569	0.7202	0.848623853;
/* 026-60055 */	01111111	1	0	0	1	0	0	0	0	1	0	37	1.84	3.40	-0.90	0.8100	1.4000	1.960000	-0.411044	0.168957	0.3146	0.0990	-0.34999788	0.122498516	-0.307565222	0.094596366	-1.175481705	1.38175724	-0.24	0.0569	4.6284	-2.151376147;
/* 026-60147 */	00000001	1	1	0	0	0	0	1	1	0	1	21	-0.16	0.02	-0.70	0.4900	0.1000	0.010000	-0.196882	0.038763	0.1746	0.0305	-0.301815351	0.091092506	-0.648513216	0.420569392	-0.544524872	0.296507336	0.26	0.0684	0.0229	-0.151376147;
/* 026-60325 */	00000001	1	1	0	0	0	0	1	0	1	1	153	2.84	8.09	1.00	1.0000	-0.4000	0.160000	0.195918	0.038384	-0.1754	0.0308	1.368634172	1.873159497	-0.027838224	0.000774967	-0.110292478	0.012164431	0.26	0.0684	1.3257	-1.151376147;
/* 026-65229 */	00100000	1	0	0	0	0	1	0	1	0	0	152	5.84	34.15	2.20	4.8400	-0.5000	0.250000	-0.123650	0.015289	-0.0254	0.0006	1.9374439	3.753688864	0.518257854	0.268591203	0.759966826	0.577549577	-0.74	0.5454	0.0229	-0.151376147;
/* 026-65242 */	00100111	1	1	0	0	0	1	0	1	0	0	-3	8.84	78.22	3.50	12.2500	0.4000	0.160000	-0.122500	0.015006	-0.5954	0.3545	3.173954362	10.07398629	-0.922221954	0.850493333	0.856448829	0.733504597	0.26	0.0684	1.3257	-1.151376147;
/* 026-65243 */	00101111	1	1	0	0	0	1	0	1	0	0	167	-1.16	1.34	0.70	0.4900	-0.9000	0.810000	0.666611	0.444370	-0.9854	0.9710	1.223801475	1.49769005	2.287691358	5.233531751	-0.586422358	0.343891182	-0.24	0.0569	4.6284	-2.151376147;
/* 026-65320 */	00001111	1	1	0	0	0	0	0	1	0	1	280	1.34	1.81	2.80	7.8400	-0.6000	0.360000	0.230666	0.053207	-0.7854	0.6169	1.950138026	3.80303832	1.725263167	2.976532996	0.337079958	0.113622898	-0.74	0.5454	1.3257	-1.151376147;
/* 026-67701 */	00000011	1	0	0	0	0	1	0	0	1	1	22	-0.16	0.02	-2.10	4.4100	-0.4000	0.160000	0.230666	0.053207	-0.4754	0.2260	-0.682745335	0.466141193	1.237089715	1.530390964	0.117003175	0.013689743	-0.24	0.0569	0.7202	0.848623853;
/* 026-67717 */	00000011	1	0	0	0	1	0	0	1	0	1	295	1.84	3.40	2.10	4.4100	0.2000	0.040000	0.738055	0.544725	-0.6954	0.4836	1.010740171	1.021595694	0.534847264	0.286061596	2.06400991	4.260136909	0.26	0.0684	0.7202	0.848623853;
/* 026-67727 */	00000011	1	0	0	1	0	0	0	0	1	1	77	-0.16	0.02	-0.50	0.2500	1.2000	1.440000	0.108557	0.011785	0.6446	0.4155	-1.475857162	2.178154363	-1.042857219	1.08755118	1.453015163	2.111253065	0.26	0.0684	3.4174	1.848623853;
/* 026-67752 */	00000011	1	1	0	1	0	0	0	0	1	1	30	3.84	14.78	-0.40	0.1600	-0.3000	0.090000	0.143656	0.020637	-0.8954	0.8018	0.679250692	0.461381502	1.711880407	2.930534528	0.877637875	0.770248239	-0.74	0.5454	0.7202	0.848623853;
/* 026-67772 */	00000011	1	1	0	0	0	1	0	0	1	1	22	3.84	14.78	-0.80	0.6400	-0.4000	0.160000	0.143656	0.020637	0.0446	0.0020	0.454137837	0.206241175	-0.224650469	0.050467833	0.315800789	0.099730138	0.26	0.0684	0.1215	0.348623853;
/* 026-72401 */	00011111	1	1	0	0	0	0	0	1	0	1	49	-2.16	4.65	-0.20	0.0400	-0.4000	0.160000	0.149175	0.022253	-1.0354	1.0721	0.715799791	0.512369341	0.962649394	0.926693855	-1.51137404	2.28425149	0.26	0.0684	4.6284	-2.151376147;
/* 026-72402 */	00011111	1	0	0	0	0	0	0	1	0	1	324	-2.16	4.65	-0.30	0.0900	-0.5000	0.250000	0.292473	0.085541	-0.6854	0.4698	-0.331576905	0.109943244	1.227480935	1.506709446	0.667936602	0.446139304	-0.24	0.0569	1.8188	1.348623853;
/* 026-72502 */	00000111	1	0	0	1	0	0	0	0	0	1	20	-0.16	0.02	-1.40	1.9600	0.3000	0.090000	-0.287310	0.082547	0.9846	0.9694	-1.443462882	2.083585091	-0.692722696	0.479864733	0.238465866	0.056865969	-0.24	0.0569	1.8188	1.348623853;
