/* BirdID	encounter history	1	ID	Year1	Year2	Year3	Sex	B	L	I	N	Post	1Y	A1Y	TimeOfDay	PCV	PCV2	Hb	Hb2	SMI	SMI2	PC1	PC1sq	PC2	PC2sq	Muscle	Mus2	Fat	Fat2; */
/* 026-25476 */	011111111111111111111	1	1	1	0	0	1	0	0	0	0	0	0	1	687	0.72	0.52	1.20	1.4400	1.0309	1.0627	-0.404421	0.163556	0.880704	0.775640	0.29	0.0859	-0.78	0.608668995566587;
/* 026-25477 */	010010111111111100000	1	2	1	0	0	0	0	0	0	0	0	0	1	697	-1.28	1.64	0.80	0.6400	-0.0247	0.0006	-0.420215	0.176580	-0.508778	0.258855	-0.21	0.0428	-0.78	0.608668995566587;
/* 026-25490 */	000000001111111111111	1	3	0	1	0	0	0	0	0	0	0	0	1	47	-4.28	18.32	-2.00	4.0000	-1.7787	3.1637	1.299331	1.688260	-1.910437	3.649771	-0.71	0.4997	1.72	2.95780692556659;
/* 026-25512 */	011111111111111111111	1	4	1	0	0	1	0	0	0	0	0	0	1	705	1.72	2.96	0.50	0.2500	-0.0930	0.0086	-1.016423	1.033116	-0.759623	0.577027	-0.71	0.4997	-0.78	0.608668995566587;
/* 026-25513 */	000000000011111100000	1	5	0	1	0	0	0	0	1	0	0	0	1	98	-2.28	5.20	-0.90	0.8100	0.8239	0.6788	1.765225	3.116019	1.258232	1.583148	0.79	0.6290	1.22	1.48797933956659;
/* 026-25517 */	000000000000011100000	1	6	0	0	1	1	0	0	1	0	0	0	1	251	3.72	13.84	1.80	3.2400	-0.2366	0.0560	-1.746972	3.051910	0.103452	0.010702	-0.71	0.4997	0.22	0.0483241675665874;
/* 026-25520 */	000000001111111100000	1	7	0	1	0	1	0	0	0	1	0	0	1	129	1.72	2.96	-0.10	0.0100	-0.7855	0.6170	-0.494509	0.244539	0.448343	0.201011	0.79	0.6290	-0.28	0.0784965815665874;
/* 026-25522 */	000000000110000000000	1	8	0	1	0	1	0	0	1	0	0	0	1	198	3.72	13.84	1.20	1.4400	-0.5317	0.2827	-1.318555	1.738588	0.517475	0.267781	-0.21	0.0428	0.72	0.518151753566587;
/* 026-25817 */	110110111110101100000	1	9	1	0	0	1	0	0	0	0	0	0	1	68	1.22	1.49	-0.40	0.1600	-1.0293	1.0595	-0.667647	0.445752	-0.215979	0.046647	0.79	0.6290	-1.28	1.63884140956659;
/* 026-29124 */	000000011110000000000	1	10	0	1	0	0	0	1	0	0	0	0	1	263	-0.28	0.08	-1.20	1.4400	1.5620	2.4398	1.832698	3.358783	1.818659	3.307521	0.79	0.6290	1.22	1.48797933956659;
/* 026-29130 */	011110000000000000000	1	11	1	0	0	1	0	0	0	0	0	0	1	714	-4.28	18.32	-0.60	0.3600	-0.5035	0.2535	1.015746	1.031740	-0.524818	0.275434	0.29	0.0859	0.22	0.0483241675665874;
/* 026-29132 */	000000000011000000000	1	12	0	1	0	0	0	0	1	0	0	0	1	185	0.72	0.52	-0.60	0.3600	0.5897	0.3478	0.957693	0.917175	1.557548	2.425956	0.79	0.6290	1.22	1.48797933956659;
/* 026-29135 */	001111100000000000000	1	13	1	0	0	0	0	0	1	0	0	0	1	130	-0.28	0.08	-1.30	1.6900	0.5897	0.3478	0.752057	0.565589	-0.335898	0.112827	-0.21	0.0428	-0.28	0.0784965815665874;
/* 026-29136 */	011110111110000000000	1	14	1	0	0	0	0	0	0	0	0	0	1	678	-0.28	0.08	1.10	1.2100	0.7168	0.5137	-0.150970	0.022792	0.776995	0.603721	0.29	0.0859	-0.28	0.0784965815665874;
/* 026-29138 */	000111111111111111111	1	15	1	0	0	0	0	1	0	0	0	0	1	-2	-8.28	68.56	-3.10	9.6100	2.1575	4.6548	3.928867	15.435997	-0.954755	0.911557	-0.71	0.4997	0.72	0.518151753566587;
/* 026-29341 */	010000000000000000000	1	16	1	0	0	0	0	0	0	0	0	0	1	739	0.72	0.52	0.70	0.4900	-0.1169	0.0137	-0.343784	0.118187	0.268632	0.072163	-0.21	0.0428	0.72	0.518151753566587;
/* 026-29342 */	000000000000001110111	1	17	0	0	1	1	0	0	1	0	0	0	1	111	1.72	2.96	2.90	8.4100	1.2596	1.5866	-1.098683	1.207105	1.410849	1.990494	-0.21	0.0428	0.22	0.0483241675665874;
/* 026-29349 */	000110111111111111000	1	18	1	0	0	0	0	1	0	0	0	0	1	120	0.72	0.52	0.20	0.0400	0.2414	0.0583	-0.004322	0.000019	0.942102	0.887556	0.79	0.6290	-0.28	0.0784965815665874;
/* 026-29354 */	000000000010000000000	1	19	0	1	0	0	0	0	0	1	0	0	1	200	3.72	13.84	0.90	0.8100	1.2258	1.5027	-0.738464	0.545330	0.973345	0.947401	-0.21	0.0428	-0.28	0.0784965815665874;
/* 026-29363 */	000000000000111100000	1	20	0	0	1	1	1	0	0	0	0	0	1	164	3.72	13.84	1.80	3.2400	0.4158	0.1729	-1.961141	3.846073	0.434124	0.188464	0.29	0.0859	-2.28	5.19918623756659;
/* 026-29424 */	000000111110000000000	1	21	0	1	0	1	0	0	0	0	0	0	1	29	-3.28	10.76	-2.40	5.7600	-0.2999	0.0899	2.309964	5.335936	0.408412	0.166801	0.79	0.6290	1.72	2.95780692556659;
/* 026-29455 */	011011111111111100000	1	22	1	0	0	1	0	0	0	0	0	0	1	697	-0.28	0.08	0.90	0.8100	0.4947	0.2447	0.127079	0.016149	1.320252	1.743066	0.79	0.6290	0.22	0.0483241675665874;
/* 026-29456 */	011111111111111111111	1	23	1	0	0	1	0	0	0	0	0	0	1	668	-0.28	0.08	-0.70	0.4900	0.4017	0.1613	0.832486	0.693033	0.610464	0.372666	0.29	0.0859	0.72	0.518151753566587;
/* 026-29461 */	000000111010000000000	1	24	0	1	0	0	0	0	0	0	0	0	1	-1	-0.28	0.08	-0.70	0.4900	-0.3884	0.1509	-0.235787	0.055596	-1.126523	1.269054	-0.21	0.0428	-1.28	1.63884140956659;
/* 026-29470 */	000000011110000000000	1	25	0	1	0	1	1	0	0	0	0	0	1	18	0.72	0.52	-1.30	1.6900	-1.1396	1.2987	-0.171955	0.029569	-1.134112	1.286211	-0.21	0.0428	-0.28	0.0784965815665874;
/* 026-29475 */	001110111111111100000	1	26	1	0	0	1	0	0	1	0	0	0	1	130	-2.28	5.20	0.40	0.1600	-0.4750	0.2256	-0.389650	0.151827	-1.160507	1.346777	-0.21	0.0428	-1.28	1.63884140956659;
/* 026-29476 */	111001110101101111111	1	27	1	0	0	1	0	0	0	0	0	0	1	623	3.72	13.84	1.30	1.6900	-0.6971	0.4860	-1.303016	1.697851	0.954733	0.911516	0.29	0.0859	0.72	0.518151753566587;
/* 026-29480 */	111111111100000000000	1	28	1	0	0	0	0	0	0	0	0	0	1	714	-6.28	39.44	-1.90	3.6100	0.8591	0.7380	2.583864	6.676353	-0.632107	0.399560	-0.21	0.0428	0.72	0.518151753566587;
/* 026-29481 */	011000110000000000000	1	29	1	0	0	0	0	0	0	0	0	0	1	697	1.72	2.96	1.40	1.9600	-0.9833	0.9670	-1.539898	2.371286	-0.023274	0.000542	0.29	0.0859	-0.78	0.608668995566587;
/* 026-29488 */	111111000000000000000	1	30	1	0	0	1	0	0	0	0	0	0	1	714	1.22	1.49	-0.70	0.4900	1.9919	3.9677	1.220653	1.489995	1.631247	2.660966	0.29	0.0859	0.72	0.518151753566587;
/* 026-29491 */	001110100000000000000	1	31	1	0	0	0	1	0	0	0	0	0	1	160	-0.28	0.08	-0.70	0.4900	0.9629	0.9272	1.050890	1.104370	1.206316	1.455198	0.79	0.6290	0.22	0.0483241675665874;
/* 026-33190 */	000000011111111111111	1	32	0	1	0	1	0	1	0	0	0	0	1	121	0.72	0.52	0.10	0.0100	-0.0044	0.0000	-0.626348	0.392312	-0.623364	0.388583	-0.21	0.0428	-1.28	1.63884140956659;
/* 026-33191 */	001111000000000000000	1	33	1	0	0	1	0	0	1	0	0	0	1	146	-0.28	0.08	-0.40	0.1600	0.6985	0.4878	0.108654	0.011806	-0.780782	0.609620	-0.71	0.4997	-0.78	0.608668995566587;
/* 026-33192 */	110000000000000000000	1	34	1	0	0	1	0	0	0	0	0	0	1	683	2.72	7.40	0.60	0.3600	-0.0044	0.0000	-0.782803	0.612780	0.338725	0.114734	-0.21	0.0428	0.22	0.0483241675665874;
/* 026-33360 */	010000000000000000011	1	35	0	0	0	0	0	0	0	1	0	0	1	312	-1.28	1.64	-0.80	0.6400	-0.1979	0.0392	0.571868	0.327033	-1.151514	1.325983	-1.21	1.4566	1.22	1.48797933956659;
/* 026-33390 */	000000000111111111111	1	36	0	1	0	1	0	0	1	0	0	0	1	-9	-0.78	0.61	0.40	0.1600	-0.5720	0.3272	-0.245653	0.060345	-0.720618	0.519290	-0.71	0.4997	0.72	0.518151753566587;
/* 026-33391 */	000110000000000000000	1	37	1	0	0	1	0	0	1	0	0	0	1	140	-2.78	7.73	0.30	0.0900	0.3711	0.1377	0.240824	0.057996	-0.291561	0.085008	0.29	0.0859	-1.28	1.63884140956659;
/* 026-33548 */	001110111110000010000	1	38	1	0	0	1	1	0	0	0	0	0	1	334	3.72	13.84	0.70	0.4900	0.6718	0.4512	-1.033276	1.067659	0.430433	0.185272	-0.21	0.0428	-0.78	0.608668995566587;
/* 026-33551 */	000000000000001100000	1	39	0	0	1	1	0	0	0	1	0	0	1	272	-1.28	1.64	1.70	2.8900	-0.1919	0.0368	-1.350769	1.824577	-1.005586	1.011202	-0.21	0.0428	-2.28	5.19918623756659;
/* 026-33568 */	000000001110000000000	1	40	0	1	0	0	0	0	0	1	0	0	1	76	-1.28	1.64	-1.50	2.2500	-1.8522	3.4306	0.449720	0.202248	-1.182315	1.397870	-0.21	0.0428	1.22	1.48797933956659;
/* 026-33670 */	000000000000000000011	1	41	0	0	0	1	0	0	1	0	0	0	1	187	-1.28	1.64	0.90	0.8100	-0.3898	0.1519	-0.600798	0.360958	-0.978040	0.956561	-0.71	0.4997	-0.28	0.0784965815665874;
/* 026-33749 */	110011101110000000000	1	42	1	0	0	1	0	0	0	0	0	1	0	228	-1.28	1.64	0.50	0.2500	0.0256	0.0007	0.169231	0.028639	0.360209	0.129750	0.29	0.0859	0.22	0.0483241675665874;
/* 026-33750 */	000000001111111111111	1	43	0	1	0	1	0	0	1	0	0	0	1	250	1.22	1.49	0.90	0.8100	-0.7139	0.5097	-0.520954	0.271393	1.061291	1.126339	0.79	0.6290	0.72	0.518151753566587;
/* 026-33763 */	000000000000001111111	1	44	0	0	1	1	0	1	0	0	0	0	1	78	1.72	2.96	0.10	0.0100	-0.1797	0.0323	-0.590301	0.348455	-0.189855	0.036045	-0.21	0.0428	-0.28	0.0784965815665874;
/* 026-33764 */	000000001111111111111	1	45	0	1	0	0	0	0	1	0	0	0	1	181	-0.78	0.61	-1.50	2.2500	1.2269	1.5054	2.072532	4.295390	1.717811	2.950876	0.79	0.6290	1.72	2.95780692556659;
/* 026-33815 */	110000000000000000000	1	46	1	0	0	1	0	0	0	0	0	1	0	714	1.72	2.96	0.30	0.0900	0.5578	0.3112	-0.368242	0.135602	0.246376	0.060701	-0.21	0.0428	-0.28	0.0784965815665874;
/* 026-33852 */	011000000000000000000	1	47	1	0	0	1	0	0	0	0	0	1	0	638	1.72	2.96	-0.60	0.3600	-0.5876	0.3453	-0.164384	0.027022	0.141737	0.020089	0.29	0.0859	0.22	0.0483241675665874;
/* 026-33855 */	011110111111111100000	1	48	1	0	0	1	0	0	0	0	0	1	0	668	1.72	2.96	-0.20	0.0400	-0.0930	0.0086	-0.286544	0.082108	0.290512	0.084397	0.29	0.0859	-0.28	0.0784965815665874;
/* 026-33900 */	000000000001111111111	1	49	0	0	1	1	0	0	0	0	0	0	1	226	-1.28	1.64	0.70	0.4900	0.9918	0.9836	0.507823	0.257884	0.619330	0.383570	-0.21	0.0428	0.72	0.518151753566587;
/* 026-33901 */	011001111111111111111	1	50	1	0	0	1	0	0	0	0	0	1	0	677	1.72	2.96	1.60	2.5600	-0.6312	0.3985	-1.180135	1.392719	0.616565	0.380152	0.29	0.0859	0.22	0.0483241675665874;
/* 026-33903 */	010000100000000000000	1	51	1	0	0	0	0	0	0	0	0	1	0	668	-2.28	5.20	-0.70	0.4900	0.8643	0.7470	1.410130	1.988467	0.618652	0.382730	0.29	0.0859	0.72	0.518151753566587;
/* 026-33905 */	000000000000111111111	1	52	0	0	1	0	1	0	0	0	0	0	1	32	-3.28	10.76	-1.80	3.2400	0.2489	0.0619	2.139685	4.578254	0.332838	0.110781	0.29	0.0859	1.72	2.95780692556659;
/* 026-33906 */	000000000000110000000	1	53	0	0	1	1	1	0	0	0	0	0	1	281	0.72	0.52	1.00	1.0000	-0.3884	0.1509	-1.197145	1.433156	-0.623228	0.388413	-0.21	0.0428	-1.28	1.63884140956659;
/* 026-33907 */	011000000000000000000	1	54	1	0	0	0	0	0	0	0	0	1	0	687	-6.28	39.44	-2.50	6.2500	-1.2927	1.6711	1.229735	1.512248	-3.525110	12.426402	-1.21	1.4566	-0.78	0.608668995566587;
/* 026-33909 */	011111000000000000000	1	55	1	0	0	1	0	0	0	0	0	1	0	697	4.72	22.28	2.00	4.0000	-0.8844	0.7822	-2.322619	5.394560	0.222178	0.049363	-0.21	0.0428	-0.28	0.0784965815665874;
/* 026-33910 */	110111111001000000000	1	56	1	0	0	0	0	0	0	0	0	1	0	714	-1.28	1.64	-0.10	0.0100	-0.3884	0.1509	0.115104	0.013249	-0.199022	0.039610	0.29	0.0859	-0.28	0.0784965815665874;
/* 026-33911 */	000000000000011111111	1	57	0	0	1	1	0	1	0	0	0	0	1	226	1.72	2.96	0.70	0.4900	-0.1391	0.0193	-0.694504	0.482336	0.171428	0.029388	-0.21	0.0428	0.22	0.0483241675665874;
/* 026-33914 */	100001110000000000000	1	58	1	0	0	0	0	0	0	0	0	1	0	714	3.72	13.84	1.80	3.2400	0.1475	0.0218	-1.453100	2.111501	0.809377	0.655092	-0.21	0.0428	0.22	0.0483241675665874;
/* 026-33915 */	111011111110000000000	1	59	1	0	0	1	0	0	0	0	0	1	0	228	6.72	45.16	0.40	0.1600	-1.6990	2.8864	-2.455241	6.028209	-0.837057	0.700665	-0.71	0.4997	-0.28	0.0784965815665874;
/* 026-33916 */	000000111110000000000	1	60	0	1	0	0	0	0	0	0	0	0	1	20	-4.78	22.85	-2.40	5.7600	-0.0044	0.0000	2.007689	4.030817	-1.229209	1.510954	-0.21	0.0428	0.22	0.0483241675665874;
/* 026-33917 */	010111111111100010000	1	61	1	0	0	1	0	0	0	0	0	1	0	738	-0.28	0.08	-0.80	0.6400	-1.0424	1.0865	0.265481	0.070480	-0.177717	0.031583	0.29	0.0859	0.72	0.518151753566587;
/* 026-33920 */	000000001111111100000	1	62	0	1	0	0	0	0	1	0	0	0	1	181	-9.28	86.12	-3.70	13.6900	1.1934	1.4242	4.526362	20.487950	-0.009293	0.000086	0.79	0.6290	1.22	1.48797933956659;
/* 026-33921 */	111110111110000000000	1	63	1	0	0	0	0	0	0	0	0	1	0	714	0.72	0.52	0.50	0.2500	0.0557	0.0031	-0.350058	0.122540	0.409253	0.167488	0.29	0.0859	-0.28	0.0784965815665874;
/* 026-33922 */	000000001011110000000	1	64	0	1	0	0	1	0	0	0	0	0	1	168	0.22	0.05	-1.60	2.5600	1.2269	1.5054	1.776556	3.156150	1.609743	2.591271	0.79	0.6290	1.22	1.48797933956659;
/* 026-33925 */	000000001100111101100	1	65	0	1	0	1	0	1	0	0	0	0	1	85	1.22	1.49	-0.20	0.0400	-0.1979	0.0392	0.497599	0.247605	1.493779	2.231376	0.79	0.6290	1.72	2.95780692556659;
/* 026-33928 */	110110010000000000000	1	66	1	0	0	0	0	0	0	0	0	1	0	714	1.22	1.49	0.00	0.0000	-0.4175	0.1743	-0.419428	0.175920	0.104493	0.010919	0.29	0.0859	-0.28	0.0784965815665874;
/* 026-33933 */	011111000000000000000	1	67	1	0	0	1	0	0	0	0	0	1	0	638	2.72	7.40	0.60	0.3600	-0.4750	0.2256	-1.001908	1.003820	0.387598	0.150232	0.29	0.0859	-0.28	0.0784965815665874;
/* 026-33934 */	011111111111111100000	1	68	1	0	0	0	0	0	0	0	0	1	0	697	3.72	13.84	1.90	3.6100	-0.5751	0.3308	-1.974952	3.900435	0.543336	0.295214	0.29	0.0859	-0.78	0.608668995566587;
/* 026-33936 */	000000011110000000000	1	69	0	1	0	0	0	0	1	0	0	0	1	77	-2.28	5.20	-2.20	4.8400	0.3819	0.1458	1.754529	3.078374	-0.478890	0.229335	-0.21	0.0428	0.72	0.518151753566587;
/* 026-33937 */	000000000001100000000	1	70	0	0	1	0	0	0	0	0	0	0	1	102	-4.28	18.32	-1.50	2.2500	-0.5476	0.2999	1.385459	1.919497	-0.453551	0.205709	0.79	0.6290	-0.28	0.0784965815665874;
/* 026-33944 */	000110100000000000000	1	71	1	0	0	0	0	0	0	1	0	1	0	21	1.72	2.96	-0.30	0.0900	-2.3391	5.4712	-1.907309	3.637829	-2.539313	6.448111	-0.71	0.4997	-1.78	3.16901382356659;
/* 026-33946 */	000011111110000000000	1	72	1	0	0	0	0	0	1	0	0	1	0	100	-2.28	5.20	-0.90	0.8100	-0.0654	0.0043	1.087015	1.181602	0.378879	0.143550	0.79	0.6290	0.22	0.0483241675665874;
/* 026-33947 */	000000001110000000000	1	73	0	1	0	1	0	0	0	1	0	0	1	198	3.22	10.37	0.00	0.0000	0.0861	0.0074	-0.757500	0.573806	0.702898	0.494066	0.79	0.6290	-1.28	1.63884140956659;
/* 026-33949 */	010110100001000000000	1	74	1	0	0	1	0	0	0	0	0	0	0	668	2.72	7.40	0.70	0.4900	0.3711	0.1377	-0.256343	0.065712	1.768989	3.129323	0.79	0.6290	0.72	0.518151753566587;
/* 026-33950 */	100110111111111110000	1	75	1	0	0	0	0	0	0	0	0	0	0	683	4.72	22.28	2.10	4.4100	-0.4175	0.1743	-2.038969	4.157394	0.994631	0.989291	0.29	0.0859	-0.28	0.0784965815665874;
/* 026-33951 */	010001011101111100000	1	76	1	0	0	0	0	0	0	0	0	1	0	705	1.72	2.96	1.00	1.0000	1.1609	1.3477	-0.449383	0.201945	1.022876	1.046275	0.29	0.0859	-0.78	0.608668995566587;
/* 026-33952 */	100000000000000000000	1	77	1	0	0	1	0	0	0	0	0	1	0	714	-2.78	7.73	-0.30	0.0900	-1.0025	1.0051	0.061367	0.003766	-0.653231	0.426711	0.79	0.6290	-1.28	1.63884140956659;
/* 026-33953 */	000000000010000000000	1	78	0	1	0	0	0	1	0	0	0	0	1	88	-4.28	18.32	-2.60	6.7600	0.2414	0.0583	1.976199	3.905364	-1.587217	2.519258	-0.71	0.4997	0.22	0.0483241675665874;
/* 026-34057 */	111100111111111111000	1	79	1	0	0	0	0	0	0	0	0	0	0	643	2.72	7.40	2.00	4.0000	0.2038	0.0415	-0.916575	0.840109	1.974538	3.898800	0.79	0.6290	0.72	0.518151753566587;
/* 026-34059 */	101111110101100000000	1	80	1	0	0	0	0	0	0	0	0	0	0	338	-0.28	0.08	0.20	0.0400	3.3924	11.5085	1.411082	1.991152	1.693335	2.867383	-0.21	0.0428	0.22	0.0483241675665874;
/* 026-34060 */	111011111111000000000	1	81	1	0	0	0	0	0	0	0	0	0	0	58	0.72	0.52	0.50	0.2500	-0.5876	0.3453	-0.452712	0.204948	-0.026163	0.000685	-0.21	0.0428	0.72	0.518151753566587;
/* 026-34064 */	110100000000000000000	1	82	1	0	0	0	0	0	0	0	0	0	0	228	-0.28	0.08	-0.10	0.0100	-0.8658	0.7496	0.154056	0.023733	0.576644	0.332519	0.79	0.6290	0.72	0.518151753566587;
/* 026-34083 */	000010111111111111100	1	83	1	0	0	1	0	1	0	0	0	0	0	620	-0.28	0.08	0.00	0.0000	0.5067	0.2568	0.278132	0.077358	0.118298	0.013994	-0.21	0.0428	0.22	0.0483241675665874;
/* 026-34084 */	000000001011111100000	1	84	0	1	0	1	0	1	0	0	0	0	1	46	-2.28	5.20	-0.70	0.4900	-0.1979	0.0392	0.828727	0.686789	-0.446749	0.199584	-0.21	0.0428	0.72	0.518151753566587;
/* 026-34091 */	000000000000000011100	1	85	0	0	0	0	0	0	0	0	0	0	1	329	-4.28	18.32	-1.90	3.6100	-1.1024	1.2152	1.108642	1.229087	-2.439506	5.951187	-1.21	1.4566	0.72	0.518151753566587;
/* 026-36710 */	000000000001111111111	1	86	0	0	1	0	0	0	0	0	0	0	1	208	1.72	2.96	-2.00	4.0000	-0.0346	0.0012	0.462276	0.213699	-1.184938	1.404077	-1.21	1.4566	0.72	0.518151753566587;
/* 026-36715 */	000000000001110000000	1	87	0	0	1	1	0	0	0	0	0	0	1	208	-6.78	45.97	-1.50	2.2500	1.0978	1.2052	2.900255	8.411476	-0.066378	0.004406	-0.21	0.0428	1.72	2.95780692556659;
/* 026-46307 */	000000000000000000011	1	88	0	0	0	1	0	0	0	1	0	0	1	318	-0.28	0.08	1.70	2.8900	-0.2455	0.0603	-0.961994	0.925432	-0.099644	0.009929	-0.21	0.0428	-0.28	0.0784965815665874;
/* 026-46308 */	000000000000011110111	1	89	0	0	1	1	0	0	1	0	0	0	1	233	5.72	32.72	2.90	8.4100	-0.1221	0.0149	-2.578542	6.648881	0.650167	0.422717	-0.71	0.4997	0.22	0.0483241675665874;
/* 026-46311 */	000000000000011100000	1	90	0	0	1	1	0	1	0	0	0	1	0	225	1.72	2.96	2.30	5.2900	-0.1221	0.0149	-0.960892	0.923314	1.154453	1.332762	-0.21	0.0428	1.72	2.95780692556659;
/* 026-46313 */	000000000001110000000	1	91	0	0	1	0	0	0	0	0	0	0	1	215	-6.28	39.44	-0.40	0.1600	-0.2160	0.0467	1.579045	2.493384	-0.360229	0.129765	0.29	0.0859	0.72	0.518151753566587;
/* 026-46317 */	000000000000000000111	1	92	0	0	0	1	0	1	0	0	0	1	0	306	3.72	13.84	1.50	2.2500	0.7341	0.5389	-0.917815	0.842384	1.256403	1.578549	-0.21	0.0428	0.72	0.518151753566587;
/* 026-46319 */	000000000000000000111	1	93	0	0	0	1	0	0	1	0	0	0	1	217	-0.28	0.08	1.00	1.0000	-0.3619	0.1310	-0.523919	0.274491	-0.414176	0.171542	-0.71	0.4997	0.72	0.518151753566587;
/* 026-46322 */	000000000000011000111	1	94	0	0	1	1	0	0	1	0	0	0	1	166	-1.28	1.64	-0.50	0.2500	0.1049	0.0110	0.374593	0.140320	-0.530354	0.281275	-0.21	0.0428	-0.28	0.0784965815665874;
/* 026-46335 */	000000000000000000011	1	95	0	0	0	0	0	0	0	1	0	0	1	288	-0.28	0.08	1.30	1.6900	-0.0637	0.0041	-0.402462	0.161975	0.314113	0.098667	-0.21	0.0428	0.72	0.518151753566587;
/* 026-46340 */	000000000000000011011	1	96	0	0	0	1	0	0	0	0	0	0	1	329	-0.28	0.08	-1.00	1.0000	-0.1747	0.0305	0.632183	0.399655	-0.862001	0.743045	-1.21	1.4566	1.72	2.95780692556659;
/* 026-46364 */	000000000000001001100	1	97	0	0	1	0	0	0	0	1	0	0	1	190	-0.28	0.08	1.30	1.6900	0.0654	0.0043	-0.779847	0.608161	-0.527671	0.278436	-0.71	0.4997	-0.28	0.0784965815665874;
/* 026-46365 */	000000000000111100000	1	98	0	0	1	0	1	0	0	0	0	1	0	117	-2.28	5.20	-0.40	0.1600	1.5709	2.4678	1.554197	2.415529	1.359484	1.848197	0.79	0.6290	0.22	0.0483241675665874;
/* 026-46368 */	000000000000001101111	1	99	0	0	1	1	1	0	0	0	0	1	0	255	0.72	0.52	0.10	0.0100	-0.5876	0.3453	-1.004643	1.009307	-1.434837	2.058757	-0.71	0.4997	-1.28	1.63884140956659;
/* 026-46369 */	000000000000000000111	1	100	0	0	0	0	0	0	1	0	0	0	1	140	-2.28	5.20	-1.40	1.9600	1.2295	1.5116	1.450168	2.102988	-0.256406	0.065744	-0.21	0.0428	-0.28	0.0784965815665874;
/* 026-46377 */	000000000000011111110	1	101	0	0	1	1	0	1	0	0	0	1	0	233	-0.28	0.08	1.50	2.2500	-0.3194	0.1020	-1.334796	1.781681	-1.094310	1.197515	-0.71	0.4997	-1.28	1.63884140956659;
/* 026-46378 */	000000000000010000000	1	102	0	0	1	0	0	1	0	0	0	0	0	238	2.72	7.40	1.50	2.2500	1.3930	1.9405	-0.166114	0.027594	2.193441	4.811183	0.29	0.0859	1.22	1.48797933956659;
/* 026-46379 */	000000000000111100000	1	103	0	0	1	0	1	0	0	0	0	1	0	164	-0.28	0.08	1.20	1.4400	0.2414	0.0583	-0.247320	0.061167	0.751567	0.564854	0.29	0.0859	0.22	0.0483241675665874;
/* 026-46383 */	000000000000001111100	1	104	0	0	1	0	0	0	0	1	0	0	1	22	3.72	13.84	0.60	0.3600	-0.2748	0.0755	-1.670893	2.791884	-0.800277	0.640444	-0.71	0.4997	-1.28	1.63884140956659;
/* 026-46384 */	000000000000000111111	1	105	0	0	1	1	0	0	0	0	1	1	0	52	-0.28	0.08	-1.10	1.2100	-0.4038	0.1630	-0.362121	0.131131	-1.633138	2.667139	-0.21	0.0428	-2.28	5.19918623756659;
/* 026-46388 */	000000000001100000000	1	106	0	0	1	0	0	0	0	0	0	1	0	143	-0.28	0.08	0.50	0.2500	-1.6513	2.7269	-1.616375	2.612667	-1.932325	3.733879	-0.21	0.0428	-2.28	5.19918623756659;
/* 026-46394 */	000000000001110000000	1	107	0	0	1	1	0	0	0	0	0	1	0	147	-0.28	0.08	0.00	0.0000	-1.0956	1.2003	-0.551845	0.304533	-0.935072	0.874360	-0.21	0.0428	-0.28	0.0784965815665874;
/* 026-46397 */	000000000000111111111	1	108	0	0	1	0	1	0	0	0	0	1	0	31	1.22	1.49	-0.90	0.8100	-0.9015	0.8126	-0.347688	0.120887	-0.858094	0.736326	-0.21	0.0428	-0.28	0.0784965815665874;
/* 026-46399 */	000000000000000110000	1	109	0	0	1	0	0	1	0	0	0	1	0	172	-4.28	18.32	-0.90	0.8100	1.3342	1.7801	2.101089	4.414574	0.287094	0.082423	-0.21	0.0428	1.22	1.48797933956659;
/* 026-46405 */	000000000000000100000	1	110	0	0	1	0	0	0	0	1	0	1	0	260	1.72	2.96	1.30	1.6900	-0.0654	0.0043	-0.935234	0.874664	0.346300	0.119924	-0.21	0.0428	0.22	0.0483241675665874;
/* 026-46443 */	000000000000000000011	1	111	0	0	0	0	0	0	0	1	0	1	0	315	-0.28	0.08	1.80	3.2400	-0.0447	0.0020	-1.053183	1.109194	-0.472869	0.223605	-0.71	0.4997	-0.28	0.0784965815665874;
/* 026-46452 */	000000000000000011000	1	112	0	0	0	1	0	0	0	0	0	1	0	202	-3.28	10.76	-0.40	0.1600	2.0684	4.2783	2.145574	4.603489	1.111958	1.236451	-0.21	0.0428	1.72	2.95780692556659;
/* 026-46513 */	000000000000000111111	1	113	0	0	1	0	0	0	0	1	0	1	0	-6	6.72	45.16	1.10	1.2100	-0.1565	0.0245	-1.817369	3.302831	0.547006	0.299216	-0.71	0.4997	0.72	0.518151753566587;
/* 026-46515 */	000000000000000011111	1	114	0	0	0	1	0	0	0	0	0	1	0	16	-0.28	0.08	1.00	1.0000	-0.4750	0.2256	-0.571876	0.327042	-0.474133	0.224802	-0.71	0.4997	0.72	0.518151753566587;
/* 026-46537 */	000000000000001100000	1	115	0	0	1	0	0	0	1	0	0	1	0	37	0.72	0.52	0.10	0.0100	0.8939	0.7991	-0.677573	0.459105	-1.057379	1.118051	-0.71	0.4997	-2.28	5.19918623756659;
/* 026-46548 */	000000000000001100000	1	116	0	0	1	0	0	0	0	1	0	1	0	23	2.72	7.40	0.30	0.0900	-0.6312	0.3985	-1.927407	3.714900	-2.085859	4.350808	-1.21	1.4566	-2.28	5.19918623756659;
/* 026-46566 */	000000000000001110100	1	117	0	0	1	0	0	1	0	0	0	1	0	67	-5.78	33.41	-2.30	5.2900	1.5818	2.5021	2.374007	5.635911	-1.096095	1.201424	-0.21	0.0428	-1.28	1.63884140956659;
/* 026-46573 */	000000000000000011111	1	118	0	0	0	0	0	0	0	0	0	1	0	96	1.22	1.49	2.00	4.0000	-0.8658	0.7496	-1.909131	3.644782	-1.187405	1.409931	-1.21	1.4566	-0.28	0.0784965815665874;
/* 026-46580 */	000000000000001101111	1	119	0	0	1	0	0	1	0	0	0	1	0	118	2.72	7.40	1.50	2.2500	0.3883	0.1508	-1.305825	1.705178	0.044342	0.001966	-0.71	0.4997	-0.28	0.0784965815665874;
/* 026-46589 */	000000000000001111110	1	120	0	0	1	0	0	1	0	0	0	0	1	169	-11.78	138.77	-0.10	0.0100	1.6321	2.6638	2.863225	8.198059	-1.173059	1.376068	-0.71	0.4997	0.22	0.0483241675665874;
/* 026-46590 */	000000000000001000000	1	121	0	0	1	1	0	0	1	0	0	1	0	37	1.72	2.96	1.70	2.8900	-0.0703	0.0049	-1.871442	3.502297	-0.585554	0.342873	-0.21	0.0428	-2.28	5.19918623756659;
/* 026-49127 */	000110010100000000000	1	122	1	0	0	1	0	1	0	0	0	0	0	208	-2.28	5.20	-0.60	0.3600	-0.7240	0.5242	0.390197	0.152253	-0.608622	0.370420	0.29	0.0859	-0.28	0.0784965815665874;
/* 026-49128 */	000110000000000000000	1	123	1	0	0	0	0	1	0	0	0	0	0	93	-5.28	27.88	-1.90	3.6100	0.0256	0.0007	2.321259	5.388243	-0.249176	0.062089	0.29	0.0859	1.22	1.48797933956659;
/* 026-49130 */	000000001110000000000	1	124	0	1	0	0	0	1	0	0	0	0	1	141	-1.28	1.64	-1.30	1.6900	2.2012	4.8454	2.490372	6.201955	2.220314	4.929793	0.79	0.6290	1.72	2.95780692556659;
/* 026-49132 */	000000111111000000000	1	125	0	1	0	1	0	0	0	0	0	0	1	46	1.72	2.96	0.30	0.0900	0.0752	0.0057	0.291377	0.084901	1.810985	3.279667	0.79	0.6290	1.72	2.95780692556659;
/* 026-49141 */	000000111111111110100	1	126	0	1	0	1	0	0	0	0	0	0	1	-1	3.72	13.84	0.60	0.3600	-1.1191	1.2525	-1.315206	1.729766	0.368628	0.135887	0.29	0.0859	0.22	0.0483241675665874;
/* 026-49143 */	001110111111101100000	1	127	1	0	0	0	1	0	0	0	0	0	0	25	-2.28	5.20	-1.20	1.4400	0.4459	0.1989	1.439810	2.073053	0.582029	0.338758	0.79	0.6290	0.22	0.0483241675665874;
/* 026-49268 */	000000000000000001111	1	128	0	0	0	1	1	0	0	0	0	0	1	111	-2.28	5.20	-1.00	1.0000	-0.9904	0.9810	0.065547	0.004296	-2.347299	5.509813	-1.21	1.4566	-0.28	0.0784965815665874;
/* 026-49269 */	000000000000011100000	1	129	0	0	1	0	0	1	0	0	0	0	1	150	3.72	13.84	2.50	6.2500	1.0599	1.1234	-0.951404	0.905169	2.361718	5.577710	0.29	0.0859	1.22	1.48797933956659;
/* 026-49270 */	000100111111011100000	1	130	1	0	0	0	0	1	0	0	0	0	0	33	-4.28	18.32	-2.60	6.7600	1.4928	2.2286	3.069955	9.424623	0.488705	0.238832	0.29	0.0859	1.22	1.48797933956659;
/* 026-49271 */	000110000000000000000	1	131	1	0	0	0	0	1	0	0	0	0	0	228	-4.28	18.32	-2.50	6.2500	0.4947	0.2447	2.601405	6.767308	-0.017775	0.000316	0.29	0.0859	1.22	1.48797933956659;
/* 026-49272 */	000110000000000000000	1	132	1	0	0	0	0	0	1	0	0	0	0	167	-6.28	39.44	-3.10	9.6100	0.7197	0.5179	2.898596	8.401858	-0.883220	0.780078	0.29	0.0859	-0.28	0.0784965815665874;
/* 026-49274 */	000000000011100000000	1	133	0	1	0	1	0	0	1	0	0	0	1	126	0.72	0.52	-0.20	0.0400	-0.9117	0.8311	-1.025638	1.051932	-1.376202	1.893932	-0.21	0.0428	-1.78	3.16901382356659;
/* 026-49279 */	000000000000000000011	1	134	0	0	0	1	0	0	0	1	0	0	1	40	1.22	1.49	0.50	0.2500	0.5740	0.3294	-0.958909	0.919506	-0.574862	0.330467	-0.21	0.0428	-2.28	5.19918623756659;
/* 026-49282 */	000000000000011111110	1	135	0	0	1	0	0	0	1	0	0	0	1	273	-8.28	68.56	-2.00	4.0000	0.9913	0.9826	2.935737	8.618552	-1.324012	1.753007	-0.71	0.4997	0.72	0.518151753566587;
/* 026-49404 */	000000001111111111111	1	136	0	1	0	1	0	0	0	1	0	0	1	167	0.72	0.52	0.20	0.0400	0.7861	0.6179	0.377206	0.142284	1.434817	2.058699	0.79	0.6290	0.22	0.0483241675665874;
/* 026-49405 */	000000011111111111111	1	137	0	1	0	1	1	0	0	0	0	1	0	170	-0.28	0.08	-0.40	0.1600	-0.3459	0.1197	-0.091750	0.008418	-0.031479	0.000991	0.79	0.6290	-1.28	1.63884140956659;
/* 026-49410 */	000000000111111000000	1	138	0	1	0	0	0	1	0	0	0	1	0	27	-6.28	39.44	-3.00	9.0000	1.3983	1.9554	3.442133	11.848281	-0.092931	0.008636	0.29	0.0859	0.72	0.518151753566587;
/* 026-49422 */	100000000100001000000	1	139	1	0	0	0	0	0	0	0	0	0	0	714	3.22	10.37	1.40	1.9600	0.4574	0.2092	-0.632434	0.399972	2.032436	4.130796	0.79	0.6290	0.72	0.518151753566587;
/* 026-49423 */	100111111111111100111	1	140	1	0	0	1	0	0	0	0	0	0	0	714	2.22	4.93	0.00	0.0000	0.2038	0.0415	0.085401	0.007293	1.462603	2.139207	0.79	0.6290	0.72	0.518151753566587;
/* 026-49424 */	111110111110000000000	1	141	1	0	0	1	0	0	0	0	0	0	0	714	3.72	13.84	0.20	0.0400	-0.2160	0.0467	-0.750948	0.563923	0.756846	0.572816	0.29	0.0859	0.22	0.0483241675665874;
/* 026-49425 */	100000000000000000000	1	142	1	0	0	1	0	0	0	0	0	0	0	714	1.72	2.96	0.10	0.0100	0.0557	0.0031	-0.339923	0.115548	0.138894	0.019291	-0.21	0.0428	0.22	0.0483241675665874;
/* 026-49435 */	101001000000000000000	1	143	1	0	0	1	0	0	0	0	0	0	0	683	0.72	0.52	-0.50	0.2500	0.0954	0.0091	0.120078	0.014419	0.203962	0.041601	0.29	0.0859	-0.28	0.0784965815665874;
/* 026-49436 */	011110111111111100000	1	144	1	0	0	0	0	0	0	0	0	0	0	638	-0.28	0.08	0.00	0.0000	-0.0044	0.0000	0.192416	0.037024	0.349660	0.122262	0.29	0.0859	0.22	0.0483241675665874;
/* 026-49437 */	011111111111111100000	1	145	1	0	0	1	0	0	0	0	0	0	0	668	3.72	13.84	1.90	3.6100	-0.5182	0.2685	-1.368136	1.871796	1.687680	2.848264	0.79	0.6290	0.72	0.518151753566587;
/* 026-49438 */	010000100000000000000	1	146	1	0	0	0	0	0	0	0	0	0	0	668	-0.28	0.08	-0.50	0.2500	-0.5317	0.2827	0.477044	0.227571	0.663223	0.439865	0.79	0.6290	0.72	0.518151753566587;
/* 026-49443 */	000000001110000000000	1	147	0	1	0	0	0	0	1	0	0	0	1	138	-2.28	5.20	-2.90	8.4100	0.9926	0.9852	2.743361	7.526030	0.894990	0.801007	0.79	0.6290	1.22	1.48797933956659;
/* 026-49444 */	011011000000000000000	1	148	1	0	0	1	0	0	0	0	0	0	0	708	1.72	2.96	1.10	1.2100	0.3711	0.1377	-0.246919	0.060969	1.741001	3.031084	0.79	0.6290	0.72	0.518151753566587;
/* 026-49445 */	000000111111111111111	1	149	0	1	0	1	0	0	0	0	0	0	1	-1	1.72	2.96	-0.50	0.2500	-0.2040	0.0416	0.234507	0.054993	1.073990	1.153454	0.79	0.6290	0.72	0.518151753566587;
/* 026-49446 */	011101110100000000000	1	150	1	0	0	0	0	0	0	0	0	0	0	705	-0.28	0.08	-0.20	0.0400	-1.4942	2.2327	-0.067071	0.004499	0.220883	0.048789	0.79	0.6290	0.72	0.518151753566587;
/* 026-49447 */	011111111111000011000	1	151	1	0	0	1	0	0	0	0	0	0	0	697	1.72	2.96	1.20	1.4400	-0.7362	0.5420	-1.023779	1.048123	0.172019	0.029591	-0.21	0.0428	0.72	0.518151753566587;
/* 026-49448 */	011110111110000000000	1	152	1	0	0	1	0	0	0	0	0	0	0	697	-3.28	10.76	-1.10	1.2100	-0.2999	0.0899	0.856418	0.733453	-1.117795	1.249466	-0.21	0.0428	-0.28	0.0784965815665874;
/* 026-49449 */	011110110000000000000	1	153	1	0	0	1	0	0	0	0	0	0	0	739	-0.28	0.08	0.80	0.6400	0.6309	0.3980	0.380723	0.144950	1.573779	2.476781	0.79	0.6290	0.72	0.518151753566587;
/* 026-49500 */	111000000000000000000	1	154	1	0	0	1	0	0	0	0	0	0	0	683	-2.28	5.20	0.20	0.0400	0.2509	0.0630	0.873065	0.762242	0.999485	0.998970	0.79	0.6290	0.72	0.518151753566587;
/* 026-49508 */	000000000011111110110	1	155	0	1	0	1	0	0	0	0	1	1	0	127	0.72	0.52	0.70	0.4900	0.8887	0.7897	-0.539191	0.290726	0.284237	0.080790	0.29	0.0859	-1.78	3.16901382356659;
/* 026-49519 */	000000111110000000000	1	156	0	1	0	0	0	0	0	0	0	0	1	19	3.72	13.84	0.20	0.0400	0.4017	0.1613	-0.207462	0.043041	1.790566	3.206126	0.79	0.6290	0.72	0.518151753566587;
/* 026-49520 */	000000011110000000000	1	157	0	1	0	1	1	0	0	0	0	0	1	79	-0.28	0.08	-0.60	0.3600	-0.9190	0.8446	-0.637108	0.405907	-1.887478	3.562572	-0.71	0.4997	-1.28	1.63884140956659;
/* 026-49522 */	000000011111110000000	1	158	0	1	0	1	1	0	0	0	0	0	1	33	-5.28	27.88	-2.10	4.4100	-0.5598	0.3133	1.279882	1.638098	-2.126873	4.523587	-0.21	0.0428	-1.28	1.63884140956659;
/* 026-49523 */	000000011110000000000	1	159	0	1	0	1	1	0	0	0	0	0	1	94	4.22	17.81	0.10	0.0100	-0.0746	0.0056	-0.760592	0.578500	1.166781	1.361378	0.79	0.6290	-0.28	0.0784965815665874;
/* 026-49525 */	000000100000000000000	1	160	0	1	0	1	0	0	0	0	0	0	1	57	3.72	13.84	0.40	0.1600	0.8325	0.6930	-0.979707	0.959825	0.243764	0.059421	-0.21	0.0428	-1.28	1.63884140956659;
/* 026-49527 */	000000001100111101111	1	161	0	1	0	1	1	0	0	0	0	1	0	283	4.72	22.28	0.50	0.2500	0.1049	0.0110	-0.620931	0.385555	1.222954	1.495616	-0.21	0.0428	1.72	2.95780692556659;
/* 026-49528 */	000000001111111100000	1	162	0	1	0	0	0	0	1	0	0	1	0	155	-2.28	5.20	-0.30	0.0900	1.1940	1.4257	1.800738	3.242656	1.794190	3.219117	0.79	0.6290	1.72	2.95780692556659;
/* 026-49529 */	000000000001111110000	1	163	0	0	1	0	0	0	0	0	0	0	1	147	-2.28	5.20	-0.80	0.6400	-0.9298	0.8645	0.262589	0.068953	-1.265294	1.600969	-0.21	0.0428	-0.28	0.0784965815665874;
/* 026-49530 */	000000011000000000000	1	164	0	1	0	0	0	0	1	0	0	0	1	98	-4.28	18.32	-1.80	3.2400	2.1005	4.4122	2.945435	8.675588	1.290277	1.664814	0.79	0.6290	0.72	0.518151753566587;
/* 026-49533 */	000000011111000000000	1	165	0	1	0	0	1	0	0	0	0	0	1	176	1.72	2.96	-0.10	0.0100	-0.1747	0.0305	-0.798644	0.637832	-0.640388	0.410097	-0.21	0.0428	-1.28	1.63884140956659;
/* 026-49544 */	000000111110000000000	1	166	0	1	0	0	0	0	0	0	0	0	1	188	2.72	7.40	0.60	0.3600	0.0557	0.0031	-0.043627	0.001903	1.987072	3.948455	0.79	0.6290	1.72	2.95780692556659;
/* 026-49545 */	000000111111111111111	1	167	0	1	0	1	0	0	0	0	0	0	1	95	4.72	22.28	1.30	1.6900	2.9514	8.7107	0.053295	0.002840	3.007402	9.044466	0.29	0.0859	0.72	0.518151753566587;
/* 026-49691 */	000000000000011111111	1	168	0	0	1	0	0	0	0	1	0	0	1	210	4.72	22.28	2.80	7.8400	-0.3749	0.1405	-2.600223	6.761159	0.171038	0.029254	-0.71	0.4997	-0.28	0.0784965815665874;
/* 026-49695 */	000000000001000000000	1	169	0	0	1	0	0	0	0	0	0	1	0	2	-3.28	10.76	0.50	0.2500	0.1705	0.0291	0.801842	0.642951	-0.192761	0.037157	-0.71	0.4997	1.72	2.95780692556659;
/* 026-49796 */	000000000001111100000	1	170	0	0	1	0	0	0	0	0	0	0	1	107	-2.28	5.20	-0.30	0.0900	-0.3340	0.1116	1.041383	1.084478	0.183511	0.033676	-0.21	0.0428	2.22	4.92763451156659;
/* 026-49798 */	000000100011000000000	1	171	0	1	0	1	0	0	0	0	0	0	0	-1	1.72	2.96	-0.30	0.0900	-0.7240	0.5242	-0.639777	0.409315	-0.568934	0.323686	-0.21	0.0428	-0.28	0.0784965815665874;
/* 026-49799 */	000000110000000000000	1	172	0	1	0	1	0	0	0	0	0	0	0	-1	1.72	2.96	0.50	0.2500	-1.8543	3.4384	-1.200129	1.440310	-0.280796	0.078846	0.29	0.0859	0.22	0.0483241675665874;
/* 026-49800 */	000000111111111111111	1	173	0	1	0	1	0	0	0	0	0	0	0	19	-0.28	0.08	0.60	0.3600	0.8643	0.7470	0.871475	0.759469	2.060158	4.244252	0.79	0.6290	1.72	2.95780692556659;
/* 026-49801 */	000000110111111100000	1	174	0	1	0	1	0	0	0	0	0	0	0	22	-3.28	10.76	-1.80	3.2400	0.8643	0.7470	1.667380	2.780155	-0.659064	0.434366	-0.21	0.0428	-0.28	0.0784965815665874;
/* 026-49804 */	000000011110000000000	1	175	0	1	0	0	1	0	0	0	0	0	0	41	1.22	1.49	0.30	0.0900	-0.5329	0.2840	-0.172224	0.029661	1.021441	1.043341	0.79	0.6290	0.72	0.518151753566587;
/* 026-49806 */	000000111110000000000	1	176	0	1	0	1	0	0	0	0	0	1	0	142	4.72	22.28	0.40	0.1600	-0.2207	0.0487	-1.014787	1.029793	0.619797	0.384148	-0.21	0.0428	0.72	0.518151753566587;
/* 026-49807 */	000000111110000000000	1	177	0	1	0	0	0	0	0	0	0	0	0	35	-0.78	0.61	-0.90	0.8100	0.0908	0.0083	1.017692	1.035698	0.843427	0.711369	0.79	0.6290	0.72	0.518151753566587;
/* 026-49808 */	000000011000000000000	1	178	0	1	0	1	1	0	0	0	0	0	0	89	1.72	2.96	0.40	0.1600	-0.9211	0.8484	-1.060222	1.124071	-0.216637	0.046932	0.29	0.0859	-0.78	0.608668995566587;
/* 026-49809 */	000000000111111111111	1	179	0	1	0	0	0	0	0	1	0	1	0	161	-3.78	14.29	-2.10	4.4100	-0.2621	0.0687	0.949876	0.902265	-1.696881	2.879406	0.29	0.0859	-2.28	5.19918623756659;
/* 026-49811 */	000000001110000000000	1	180	0	1	0	0	0	0	0	1	0	1	0	283	4.22	17.81	1.40	1.9600	-0.0541	0.0029	-1.341191	1.798794	1.471886	2.166448	0.79	0.6290	-0.28	0.0784965815665874;
/* 026-49812 */	000000000011111111111	1	181	0	1	0	1	0	0	0	0	1	1	0	33	-0.28	0.08	-0.50	0.2500	0.0164	0.0003	-0.324923	0.105575	-0.772273	0.596405	0.29	0.0859	-2.28	5.19918623756659;
/* 026-49813 */	000000000111111111111	1	182	0	1	0	1	0	1	0	0	0	1	0	27	-2.28	5.20	-1.60	2.5600	-0.7411	0.5492	0.404120	0.163313	-1.754246	3.077379	-0.21	0.0428	-1.28	1.63884140956659;
/* 026-49815 */	000000000000011101111	1	183	0	0	1	1	0	0	1	0	0	0	1	164	-1.28	1.64	1.00	1.0000	-0.4036	0.1629	-0.370414	0.137207	-0.256457	0.065770	-0.21	0.0428	0.22	0.0483241675665874;
/* 026-49818 */	000000011110000000000	1	184	0	1	0	1	1	0	0	0	0	1	0	92	3.72	13.84	0.20	0.0400	-0.9211	0.8484	-1.521173	2.313966	0.069531	0.004835	0.79	0.6290	-1.78	3.16901382356659;
/* 026-49822 */	000000011110000000000	1	185	0	1	0	1	0	0	1	0	0	0	1	41	3.72	13.84	-0.30	0.0900	-0.3619	0.1310	-0.586162	0.343586	0.566333	0.320733	0.29	0.0859	0.22	0.0483241675665874;
/* 026-49823 */	000000011110000000000	1	186	0	1	0	0	0	1	0	0	0	0	1	148	-3.28	10.76	-2.50	6.2500	1.3664	1.8670	2.760724	7.621598	0.861202	0.741670	0.79	0.6290	0.72	0.518151753566587;
/* 026-49828 */	000000001111000000000	1	187	0	1	0	1	0	1	0	0	0	0	1	27	-0.28	0.08	0.50	0.2500	-0.6866	0.4714	-0.343063	0.117692	0.399528	0.159622	0.79	0.6290	-0.28	0.0784965815665874;
/* 026-49844 */	000000001110000000000	1	188	0	1	0	0	0	0	1	0	0	0	1	123	1.22	1.49	0.30	0.0900	-0.0044	0.0000	-0.249251	0.062126	0.893693	0.798688	0.79	0.6290	-0.28	0.0784965815665874;
/* 026-49845 */	000000001111111000000	1	189	0	1	0	0	0	0	1	0	0	0	1	21	1.72	2.96	0.00	0.0000	-0.1565	0.0245	0.027997	0.000784	1.212339	1.469765	0.79	0.6290	0.72	0.518151753566587;
/* 026-49846 */	000000000010000000000	1	190	0	1	0	1	0	0	0	1	0	0	1	219	0.72	0.52	1.10	1.2100	-0.0235	0.0006	-0.976304	0.953169	0.393501	0.154843	0.79	0.6290	-1.78	3.16901382356659;
/* 026-49848 */	000000000000000111111	1	191	0	0	1	1	0	0	0	1	0	0	1	225	1.72	2.96	1.70	2.8900	0.5852	0.3424	-1.442932	2.082053	-0.034101	0.001163	-0.21	0.0428	-1.78	3.16901382356659;
/* 026-49853 */	000000000001111111111	1	192	0	0	1	1	0	0	0	0	0	1	0	29	1.22	1.49	0.80	0.6400	0.4017	0.1613	0.298543	0.089128	2.037976	4.153348	0.79	0.6290	1.72	2.95780692556659;
/* 026-49854 */	000000000001111111110	1	193	0	0	1	0	0	0	0	0	0	1	0	245	-4.28	18.32	-2.80	7.8400	0.5208	0.2713	2.335894	5.456402	-1.280410	1.639451	-0.71	0.4997	0.72	0.518151753566587;
/* 026-49855 */	000000000000111111000	1	194	0	0	1	0	1	0	0	0	0	1	0	76	3.72	13.84	0.80	0.6400	-0.0247	0.0006	-0.961372	0.924235	1.292408	1.670318	0.79	0.6290	-0.28	0.0784965815665874;
/* 026-49856 */	000000000000000100111	1	195	0	0	1	1	0	0	0	0	1	1	0	52	-4.28	18.32	-1.10	1.2100	0.0457	0.0021	0.460456	0.212019	-2.371247	5.622813	-0.71	0.4997	-2.28	5.19918623756659;
/* 026-49868 */	000000001110000000000	1	196	0	1	0	1	0	0	0	1	0	1	0	152	4.22	17.81	1.60	2.5600	1.1270	1.2701	-1.081597	1.169853	1.939321	3.760965	0.79	0.6290	-0.78	0.608668995566587;
/* 026-49874 */	000000000001100000000	1	197	0	0	1	0	0	0	0	0	0	1	0	147	-0.28	0.08	-2.40	5.7600	-0.1451	0.0211	0.808111	0.653044	-1.476707	2.180664	-0.71	0.4997	-0.28	0.0784965815665874;
/* 026-49878 */	000000000001100000000	1	198	0	0	1	0	0	0	0	0	0	1	0	40	-4.28	18.32	-1.40	1.9600	-0.8378	0.7020	1.518201	2.304934	-0.176842	0.031273	0.79	0.6290	0.72	0.518151753566587;
/* 026-49880 */	000000000000001111111	1	199	0	0	1	0	0	1	0	0	0	1	0	200	0.72	0.52	-1.00	1.0000	1.0936	1.1959	0.789549	0.623388	0.321612	0.103435	-0.21	0.0428	0.22	0.0483241675665874;
/* 026-49881 */	000000000000010000000	1	200	0	0	1	0	0	1	0	0	0	1	0	132	-2.28	5.20	0.20	0.0400	0.0060	0.0000	0.808338	0.653411	0.272962	0.074508	-0.21	0.0428	1.72	2.95780692556659;
/* 026-49886 */	000000000000000011111	1	201	0	0	0	1	0	0	0	0	0	0	1	16	0.72	0.52	1.30	1.6900	-0.9112	0.8303	-1.515698	2.297341	-1.429170	2.042526	-1.21	1.4566	-0.28	0.0784965815665874;
/* 026-59532 */	000000000001111111100	1	202	0	0	1	0	0	0	0	0	0	0	0	75	-7.28	53.00	-0.50	0.2500	-1.1966	1.4319	0.233943	0.054729	-3.249583	10.559793	-0.71	0.4997	-2.28	5.19918623756659;
/* 026-59533 */	000000000000011100000	1	203	0	0	1	0	0	0	1	0	0	1	0	233	3.72	13.84	1.70	2.8900	-0.0960	0.0092	-1.661582	2.760856	0.453701	0.205845	-0.21	0.0428	-0.28	0.0784965815665874;
/* 026-59926 */	000000000000000000011	1	204	0	0	0	1	0	0	0	1	0	0	1	63	-2.28	5.20	-1.20	1.4400	0.7384	0.5452	1.151269	1.325420	-0.471481	0.222295	-0.21	0.0428	-0.28	0.0784965815665874;
/* 026-59955 */	000000000000000000011	1	205	0	0	0	1	0	0	0	1	0	1	0	31	0.72	0.52	-1.20	1.4400	-1.2584	1.5836	-0.869907	0.756739	-1.990290	3.961253	-0.21	0.0428	-2.28	5.19918623756659;
/* 026-59982 */	000000000000000000011	1	206	0	0	0	0	0	0	0	1	0	1	0	22	0.72	0.52	-1.80	3.2400	-0.8658	0.7496	-0.392337	0.153928	-2.514662	6.323527	-1.21	1.4566	-1.28	1.63884140956659;
/* 026-59984 */	000000000000000010111	1	207	0	0	0	0	0	0	0	0	0	1	0	26	-4.28	18.32	-1.40	1.9600	-1.4505	2.1040	0.884950	0.783136	-2.306914	5.321852	-1.21	1.4566	1.22	1.48797933956659;
/* 026-59986 */	000000000000000000011	1	208	0	0	0	0	0	0	1	0	0	1	0	133	1.72	2.96	0.40	0.1600	-0.0044	0.0000	-0.612842	0.375575	-0.625720	0.391525	-1.21	1.4566	0.72	0.518151753566587;
/* 026-59987 */	000000000000000000111	1	209	0	0	0	0	1	0	0	0	0	1	0	216	0.72	0.52	1.10	1.2100	-1.5016	2.2548	-0.961690	0.924849	-0.170934	0.029218	-0.21	0.0428	1.22	1.48797933956659;
/* 026-59995 */	000000000000000000011	1	210	0	0	0	1	0	0	1	0	0	0	0	266	5.72	32.72	2.10	4.4100	0.0559	0.0031	-1.708298	2.918281	1.473682	2.171738	-0.21	0.0428	1.22	1.48797933956659;
/* 026-60003 */	000000000000111100000	1	211	0	0	1	0	0	1	0	0	0	1	0	53	-3.28	10.76	-1.70	2.8900	-1.0757	1.1571	0.498317	0.248319	-2.072781	4.296421	-0.21	0.0428	-1.28	1.63884140956659;
/* 026-60004 */	000000000111100000000	1	212	0	1	0	1	0	0	0	1	0	0	1	148	-0.78	0.61	-1.00	1.0000	0.3027	0.0916	0.288620	0.083301	-0.887319	0.787335	-0.21	0.0428	-1.28	1.63884140956659;
/* 026-60016 */	000000000000001111111	1	213	0	0	1	1	0	1	0	0	0	1	0	120	-2.28	5.20	0.00	0.0000	-0.6153	0.3786	-0.267820	0.071727	-1.325418	1.756733	-0.21	0.0428	-1.28	1.63884140956659;
/* 026-60024 */	000000000000000000111	1	214	0	0	0	0	0	0	0	1	0	0	1	1	-1.28	1.64	0.00	0.0000	-0.5035	0.2535	0.191089	0.036515	-0.331795	0.110088	-0.21	0.0428	0.72	0.518151753566587;
/* 026-60039 */	000000000000111111111	1	215	0	0	1	0	1	0	0	0	0	0	1	72	-0.28	0.08	0.80	0.6400	0.0059	0.0000	-0.617543	0.381360	-0.075685	0.005728	0.29	0.0859	-1.28	1.63884140956659;
/* 026-60049 */	000000000010000000000	1	216	0	1	0	0	0	0	0	1	0	0	1	101	5.72	32.72	1.40	1.9600	-1.1356	1.2896	-2.367457	5.604854	0.370081	0.136960	0.29	0.0859	-0.78	0.608668995566587;
/* 026-60050 */	000000000010111100000	1	217	0	1	0	1	0	0	0	1	0	0	1	101	-1.28	1.64	-0.80	0.6400	0.2014	0.0406	0.211260	0.044631	-0.358318	0.128392	0.79	0.6290	-2.28	5.19918623756659;
/* 026-60055 */	000000000011111111111	1	218	0	1	0	0	0	0	0	0	1	1	0	292	2.72	7.40	-0.50	0.2500	-0.2160	0.0467	-0.825581	0.681584	-0.634294	0.402328	-0.21	0.0428	-1.28	1.63884140956659;
/* 026-60077 */	000000000001111100000	1	219	0	0	1	1	0	0	0	0	0	1	0	28	-0.28	0.08	1.40	1.9600	-1.2115	1.4677	-1.235612	1.526737	-0.679642	0.461913	-0.21	0.0428	-0.28	0.0784965815665874;
/* 026-65229 */	000000000000000100000	1	220	0	0	1	0	0	0	0	1	0	1	0	152	5.72	32.72	2.50	6.2500	0.0851	0.0072	-2.590929	6.712912	-0.036791	0.001354	-1.21	1.4566	-0.28	0.0784965815665874;
/* 026-65242 */	000000000000000100111	1	221	0	0	1	1	0	0	0	1	0	1	0	-3	8.72	76.04	3.80	14.4400	-0.4894	0.2395	-4.035176	16.282646	0.905158	0.819311	-0.21	0.0428	-1.28	1.63884140956659;
/* 026-65243 */	000000000000000101111	1	222	0	0	1	1	0	0	0	1	0	1	0	167	-1.28	1.64	1.00	1.0000	-0.8755	0.7664	-1.454325	2.115060	-2.028718	4.115697	-0.71	0.4997	-2.28	5.19918623756659;
/* 026-65320 */	000000000000000001111	1	223	0	0	0	1	0	0	0	0	0	1	0	280	1.22	1.49	3.10	9.6100	-0.6752	0.4559	-2.628067	6.906739	-1.245310	1.550797	-1.21	1.4566	-1.28	1.63884140956659;
/* 026-67701 */	000000000000000000011	1	224	0	0	0	0	0	0	0	1	0	0	1	22	-0.28	0.08	-1.80	3.2400	-0.3613	0.1306	0.745580	0.555890	-1.047601	1.097467	-0.71	0.4997	0.72	0.518151753566587;
/* 026-67717 */	000000000000000000011	1	225	0	0	0	0	0	0	1	0	0	1	0	295	1.72	2.96	2.40	5.7600	-0.5905	0.3486	-1.505960	2.267915	0.520862	0.271297	-0.21	0.0428	0.72	0.518151753566587;
/* 026-67727 */	000000000000000000011	1	226	0	0	0	0	0	1	0	0	0	0	1	77	-0.28	0.08	-0.20	0.0400	0.7556	0.5709	0.926018	0.857510	0.816852	0.667248	-0.21	0.0428	1.72	2.95780692556659;
/* 026-67752 */	000000000000000000011	1	227	0	0	0	1	0	1	0	0	0	0	1	30	3.72	13.84	-0.10	0.0100	-0.7813	0.6105	-1.097106	1.203643	-0.913693	0.834835	-1.21	1.4566	0.72	0.518151753566587;
/* 026-67772 */	000000000000000000011	1	228	0	0	0	1	0	0	0	1	0	0	1	22	3.72	13.84	-0.50	0.2500	0.1534	0.0235	-0.408005	0.166468	0.291931	0.085223	-0.21	0.0428	0.22	0.0483241675665874;
/* 026-72401 */	000000000000000011111	1	229	0	0	0	1	0	0	0	0	0	1	0	49	-2.28	5.20	0.10	0.0100	-0.9211	0.8484	-0.743941	0.553448	-1.872811	3.507423	-0.21	0.0428	-2.28	5.19918623756659;
/* 026-72402 */	000000000000000011111	1	230	0	0	0	0	0	0	0	0	0	1	0	324	-2.28	5.20	0.00	0.0000	-0.5768	0.3327	0.370312	0.137131	-0.787524	0.620194	-0.71	0.4997	1.22	1.48797933956659;
/* 026-72404 */	000000000000000010110	1	231	0	0	0	0	0	0	0	0	0	0	0	96	-3.28	10.76	1.20	1.4400	-1.0136	1.0274	-0.488802	0.238927	-0.975568	0.951732	-0.21	0.0428	-0.28	0.0784965815665874;
/* 026-72502 */	000000000000000000111	1	232	0	0	0	0	0	1	0	0	0	0	0	20	-0.28	0.08	-1.10	1.2100	1.0933	1.1953	1.195618	1.429503	0.085907	0.007380	-0.71	0.4997	1.22	1.48797933956659;
